3.094312e-01 4.066856e+01 1.660287e+01
4.569653e-01 2.304552e+02 3.952274e+01
6.044994e-01 1.118386e+03 8.706620e+01
7.520335e-01 3.138258e+03 1.458472e+02
8.995676e-01 7.808364e+03 2.300561e+02
1.047102e+00 1.536594e+04 3.227256e+02
1.194636e+00 2.737672e+04 4.307691e+02
1.342170e+00 4.182762e+04 5.324580e+02
1.489704e+00 5.017823e+04 5.831919e+02
1.637238e+00 5.182531e+04 5.926861e+02
1.784772e+00 4.827359e+04 5.720165e+02
1.932306e+00 4.205807e+04 5.339228e+02
2.079840e+00 3.581545e+04 4.927073e+02
2.227374e+00 3.113856e+04 4.594128e+02
2.374909e+00 2.758006e+04 4.323659e+02
2.522443e+00 2.446892e+04 4.072501e+02
2.669977e+00 2.147978e+04 3.815652e+02
2.817511e+00 1.971748e+04 3.655775e+02
2.965045e+00 1.809751e+04 3.502380e+02
3.112579e+00 1.653177e+04 3.347445e+02
3.260113e+00 1.595563e+04 3.288598e+02
3.407647e+00 1.401710e+04 3.082356e+02
3.555181e+00 1.299361e+04 2.967691e+02
3.702715e+00 1.249881e+04 2.910637e+02
3.850250e+00 1.179388e+04 2.827367e+02
3.997784e+00 1.090595e+04 2.718852e+02
4.145318e+00 1.011292e+04 2.618135e+02
4.292852e+00 9.740121e+03 2.569425e+02
4.440386e+00 9.143649e+03 2.489508e+02
4.587920e+00 8.750520e+03 2.435402e+02
4.735454e+00 7.984595e+03 2.326378e+02
4.882988e+00 7.625356e+03 2.273442e+02
5.030522e+00 8.059154e+03 2.337214e+02
5.178056e+00 6.418855e+03 2.085848e+02
5.325591e+00 6.174844e+03 2.045817e+02
5.473125e+00 6.012169e+03 2.018689e+02
5.620659e+00 5.341138e+03 1.902702e+02
5.768193e+00 4.812447e+03 1.806079e+02
5.915727e+00 4.432874e+03 1.733391e+02
6.063261e+00 3.707617e+03 1.585263e+02
6.210795e+00 3.443272e+03 1.527705e+02
6.358329e+00 3.206039e+03 1.474138e+02
6.505863e+00 2.548563e+03 1.314321e+02
6.653397e+00 2.379111e+03 1.269876e+02
6.800932e+00 1.680967e+03 1.067415e+02
6.948466e+00 1.464068e+03 9.961723e+01
7.096000e+00 1.159054e+03 8.863508e+01
7.243534e+00 7.252561e+02 7.011315e+01
7.391068e+00 4.744666e+02 5.670960e+01
7.538602e+00 1.694524e+02 3.389047e+01
