8.323543e-02 1.911697e+04 3.390045e+02
2.495798e-01 1.879234e+04 3.361139e+02
4.159241e-01 1.935142e+04 3.410770e+02
5.822685e-01 1.891859e+04 3.372410e+02
7.486128e-01 1.841361e+04 3.327097e+02
9.149572e-01 1.887651e+04 3.368657e+02
1.081302e+00 1.812505e+04 3.300925e+02
1.247646e+00 1.853384e+04 3.337941e+02
1.413990e+00 1.863003e+04 3.346592e+02
1.580335e+00 1.846771e+04 3.331981e+02
1.746679e+00 1.812505e+04 3.300925e+02
1.913023e+00 1.772828e+04 3.264595e+02
2.079368e+00 1.763811e+04 3.256282e+02
2.245712e+00 1.739163e+04 3.233450e+02
2.412056e+00 1.730747e+04 3.225617e+02
2.578401e+00 1.688065e+04 3.185595e+02
2.744745e+00 1.639370e+04 3.139312e+02
2.911089e+00 1.648388e+04 3.147934e+02
3.077434e+00 1.596688e+04 3.098175e+02
3.243778e+00 1.575647e+04 3.077694e+02
3.410122e+00 1.520340e+04 3.023196e+02
3.576467e+00 1.468640e+04 2.971349e+02
3.742811e+00 1.467438e+04 2.970133e+02
3.909155e+00 1.480663e+04 2.983487e+02
4.075500e+00 1.333379e+04 2.831214e+02
4.241844e+00 1.366443e+04 2.866102e+02
4.408189e+00 1.350812e+04 2.849663e+02
4.574533e+00 1.278673e+04 2.772526e+02
4.740877e+00 1.262441e+04 2.754873e+02
4.907222e+00 1.103133e+04 2.575194e+02
5.073566e+00 1.135596e+04 2.612811e+02
5.239910e+00 1.108544e+04 2.581502e+02
5.406255e+00 9.847043e+03 2.433038e+02
5.572599e+00 9.107613e+03 2.339905e+02
5.738943e+00 8.416276e+03 2.249344e+02
5.905288e+00 8.253962e+03 2.227549e+02
6.071632e+00 7.881242e+03 2.176674e+02
6.237976e+00 7.244009e+03 2.086822e+02
6.404321e+00 6.769091e+03 2.017257e+02
6.570665e+00 6.035672e+03 1.904841e+02
6.737009e+00 4.785254e+03 1.696088e+02
6.903354e+00 4.057847e+03 1.561866e+02
7.069698e+00 3.757266e+03 1.502906e+02
7.236042e+00 3.071941e+03 1.358947e+02
7.402387e+00 2.386615e+03 1.197808e+02
7.568731e+00 1.809499e+03 1.042978e+02
7.735076e+00 1.184290e+03 8.437719e+01
7.901420e+00 6.913370e+02 6.446751e+01
8.067764e+00 1.863604e+02 3.347132e+01
8.234109e+00 1.202325e+01 8.501723e+00
