3.577127e+00 9.496001e+02 2.863152e+02
3.588711e+00 1.208582e+03 3.230071e+02
3.600294e+00 1.726546e+03 3.860673e+02
3.611878e+00 1.812873e+03 3.956013e+02
3.623462e+00 4.834328e+03 6.460142e+02
3.635046e+00 4.748000e+03 6.402202e+02
3.646630e+00 5.006982e+03 6.574490e+02
3.658214e+00 6.647200e+03 7.575188e+02
3.669797e+00 8.719055e+03 8.675784e+02
3.681381e+00 6.906182e+03 7.721346e+02
3.692965e+00 9.582328e+03 9.095143e+02
3.704549e+00 1.096356e+04 9.728590e+02
3.716133e+00 1.156786e+04 9.993105e+02
3.727716e+00 1.156786e+04 9.993105e+02
3.739300e+00 1.139520e+04 9.918249e+02
3.750884e+00 1.415767e+04 1.105529e+03
3.762468e+00 1.312175e+04 1.064314e+03
3.774052e+00 1.493462e+04 1.135458e+03
3.785636e+00 1.717913e+04 1.217796e+03
3.797219e+00 1.692015e+04 1.208582e+03
3.808803e+00 1.735178e+04 1.223900e+03
3.820387e+00 1.666116e+04 1.199297e+03
3.831971e+00 1.856036e+04 1.265806e+03
3.843555e+00 2.201346e+04 1.378536e+03
3.855139e+00 2.054589e+04 1.331792e+03
3.866722e+00 1.950996e+04 1.297784e+03
3.878306e+00 2.063222e+04 1.334587e+03
3.889890e+00 2.020058e+04 1.320553e+03
3.901474e+00 2.296306e+04 1.407955e+03
3.913058e+00 2.287673e+04 1.405306e+03
3.924641e+00 2.356735e+04 1.426361e+03
3.936225e+00 2.279040e+04 1.402652e+03
3.947809e+00 2.399898e+04 1.439363e+03
3.959393e+00 2.529389e+04 1.477685e+03
3.970977e+00 2.572553e+04 1.490240e+03
3.982561e+00 2.563920e+04 1.487737e+03
3.994144e+00 2.434429e+04 1.449682e+03
4.005728e+00 2.503491e+04 1.470101e+03
4.017312e+00 2.788371e+04 1.551491e+03
4.028896e+00 2.304938e+04 1.410599e+03
4.040480e+00 2.460327e+04 1.457372e+03
4.052064e+00 2.529389e+04 1.477685e+03
4.063647e+00 2.192713e+04 1.375830e+03
4.075231e+00 2.736575e+04 1.537013e+03
4.086815e+00 2.615717e+04 1.502690e+03
4.098399e+00 2.710677e+04 1.529723e+03
4.109983e+00 2.468960e+04 1.459927e+03
4.121566e+00 2.745207e+04 1.539436e+03
4.133150e+00 2.296306e+04 1.407955e+03
4.144734e+00 1.303542e+04 1.060807e+03
