9.171314e-02 1.713616e+02 6.476859e+01
1.325624e-01 1.713616e+02 6.476859e+01
1.734117e-01 4.651243e+02 1.067068e+02
2.142610e-01 4.896045e+02 1.094789e+02
2.551103e-01 8.323277e+02 1.427430e+02
2.959596e-01 9.302486e+02 1.509062e+02
3.368089e-01 1.591215e+03 1.973659e+02
3.776582e-01 1.738096e+03 2.062740e+02
4.185075e-01 2.080819e+03 2.256965e+02
4.593568e-01 2.325621e+03 2.386037e+02
5.002061e-01 2.423542e+03 2.435752e+02
5.410554e-01 2.815226e+03 2.625212e+02
5.819047e-01 3.304830e+03 2.844345e+02
6.227540e-01 3.745475e+03 3.028037e+02
6.636033e-01 3.916836e+03 3.096531e+02
7.044526e-01 4.945006e+03 3.479294e+02
7.453019e-01 4.626763e+03 3.365475e+02
7.861512e-01 5.140847e+03 3.547522e+02
8.270005e-01 5.826294e+03 3.776625e+02
8.678498e-01 5.997655e+03 3.831761e+02
9.086991e-01 5.973175e+03 3.823934e+02
9.495484e-01 5.997655e+03 3.831761e+02
9.903977e-01 6.389339e+03 3.954902e+02
1.031247e+00 7.613350e+03 4.317135e+02
1.072096e+00 6.878943e+03 4.103634e+02
1.112946e+00 7.539910e+03 4.296262e+02
1.153795e+00 7.882633e+03 4.392819e+02
1.194644e+00 7.956073e+03 4.413235e+02
1.235493e+00 7.686791e+03 4.337907e+02
1.276343e+00 7.490949e+03 4.282291e+02
1.317192e+00 7.711271e+03 4.344809e+02
1.358041e+00 8.763921e+03 4.631876e+02
1.398891e+00 8.225356e+03 4.487300e+02
1.439740e+00 8.372237e+03 4.527187e+02
1.480589e+00 7.466469e+03 4.275288e+02
1.521439e+00 7.711271e+03 4.344809e+02
1.562288e+00 8.421198e+03 4.540405e+02
1.603137e+00 8.200876e+03 4.480617e+02
1.643986e+00 8.323277e+03 4.513931e+02
1.684836e+00 7.637830e+03 4.324070e+02
1.725685e+00 6.634141e+03 4.029954e+02
1.766534e+00 6.266938e+03 3.916836e+02
1.807384e+00 6.340378e+03 3.939719e+02
1.848233e+00 5.238768e+03 3.581148e+02
1.889082e+00 4.749164e+03 3.409701e+02
1.929931e+00 3.672034e+03 2.998203e+02
1.970781e+00 2.815226e+03 2.625212e+02
2.011630e+00 2.154260e+03 2.296449e+02
2.052479e+00 9.547288e+02 1.528790e+02
2.093329e+00 1.713616e+02 6.476859e+01
