6.698231e-02 1.464147e+02 5.977355e+01
1.079618e-01 2.684270e+02 8.093377e+01
1.489413e-01 3.904392e+02 9.760980e+01
1.899208e-01 1.024903e+03 1.581460e+02
2.309003e-01 1.390940e+03 1.842345e+02
2.718798e-01 1.610562e+03 1.982464e+02
3.128593e-01 2.391440e+03 2.415719e+02
3.538387e-01 2.537855e+03 2.488571e+02
3.948182e-01 3.343136e+03 2.856234e+02
4.357977e-01 3.635965e+03 2.978699e+02
4.767772e-01 4.978100e+03 3.485367e+02
5.177567e-01 4.563258e+03 3.336985e+02
5.587362e-01 4.685271e+03 3.381303e+02
5.997157e-01 5.685771e+03 3.724872e+02
6.406952e-01 6.247027e+03 3.904392e+02
6.816747e-01 6.076210e+03 3.850642e+02
7.226542e-01 6.320235e+03 3.927203e+02
7.636337e-01 7.369540e+03 4.240694e+02
8.046131e-01 7.174321e+03 4.184149e+02
8.455926e-01 7.857589e+03 4.378863e+02
8.865721e-01 8.272431e+03 4.492968e+02
9.275516e-01 8.004004e+03 4.419472e+02
9.685311e-01 8.809285e+03 4.636466e+02
1.009511e+00 8.223626e+03 4.479694e+02
1.050490e+00 7.613565e+03 4.310332e+02
1.091470e+00 8.589663e+03 4.578306e+02
1.132449e+00 7.711174e+03 4.337875e+02
1.173429e+00 8.589663e+03 4.578306e+02
1.214408e+00 8.101614e+03 4.446338e+02
1.255388e+00 7.393943e+03 4.247709e+02
1.296367e+00 7.003503e+03 4.134037e+02
1.337347e+00 6.808284e+03 4.076013e+02
1.378326e+00 6.954698e+03 4.119608e+02
1.419305e+00 6.417845e+03 3.957412e+02
1.460285e+00 6.686272e+03 4.039324e+02
1.501264e+00 6.637467e+03 4.024555e+02
1.542244e+00 6.466649e+03 3.972431e+02
1.583223e+00 5.392942e+03 3.627685e+02
1.624203e+00 5.490551e+03 3.660368e+02
1.665182e+00 5.002502e+03 3.493899e+02
1.706162e+00 4.904893e+03 3.459645e+02
1.747141e+00 3.831185e+03 3.057618e+02
1.788121e+00 3.635965e+03 2.978699e+02
1.829100e+00 3.245526e+03 2.814228e+02
1.870080e+00 2.098611e+03 2.262990e+02
1.911059e+00 1.561757e+03 1.952196e+02
1.952039e+00 1.390940e+03 1.842345e+02
1.993018e+00 8.052809e+02 1.401814e+02
2.033998e+00 4.636466e+02 1.063678e+02
2.074977e+00 1.952196e+02 6.902055e+01
