7.222063e-02 1.824944e+03 1.125309e+02
2.163346e-01 1.977601e+03 1.171430e+02
3.604486e-01 2.053930e+03 1.193822e+02
5.045626e-01 2.033113e+03 1.187757e+02
6.486765e-01 2.241282e+03 1.247082e+02
7.927905e-01 2.095564e+03 1.205861e+02
9.369045e-01 2.012296e+03 1.181661e+02
1.081018e+00 1.887395e+03 1.144401e+02
1.225132e+00 1.977601e+03 1.171430e+02
1.369246e+00 1.908212e+03 1.150695e+02
1.513360e+00 1.915151e+03 1.152785e+02
1.657474e+00 2.074747e+03 1.199857e+02
1.801588e+00 2.040052e+03 1.189782e+02
1.945702e+00 2.074747e+03 1.199857e+02
2.089816e+00 2.067808e+03 1.197849e+02
2.233930e+00 1.915151e+03 1.152785e+02
2.378044e+00 2.095564e+03 1.205861e+02
2.522158e+00 1.790250e+03 1.114561e+02
2.666272e+00 1.859639e+03 1.135955e+02
2.810386e+00 1.880456e+03 1.142296e+02
2.954500e+00 1.845761e+03 1.131709e+02
3.098614e+00 1.679226e+03 1.079448e+02
3.242728e+00 1.713921e+03 1.090542e+02
3.386842e+00 1.602898e+03 1.054629e+02
3.530956e+00 1.623715e+03 1.061456e+02
3.675070e+00 1.582081e+03 1.047759e+02
3.819184e+00 1.734738e+03 1.097145e+02
3.963298e+00 1.394729e+03 9.837663e+01
4.107412e+00 1.380851e+03 9.788597e+01
4.251526e+00 1.387790e+03 9.813160e+01
4.395640e+00 1.325340e+03 9.589823e+01
4.539754e+00 1.387790e+03 9.813160e+01
4.683868e+00 1.103293e+03 8.749686e+01
4.827982e+00 1.054721e+03 8.554915e+01
4.972096e+00 1.040843e+03 8.498446e+01
5.116210e+00 9.992091e+02 8.326743e+01
5.260324e+00 8.951248e+02 7.881135e+01
5.404438e+00 9.020638e+02 7.911623e+01
5.548552e+00 8.951248e+02 7.881135e+01
5.692666e+00 7.285900e+02 7.110310e+01
5.836780e+00 5.551162e+02 6.206388e+01
5.980894e+00 7.008342e+02 6.973561e+01
6.125008e+00 4.857267e+02 5.805544e+01
6.269122e+00 4.232761e+02 5.419495e+01
6.413236e+00 3.955203e+02 5.238794e+01
6.557350e+00 3.677645e+02 5.051633e+01
6.701464e+00 1.595959e+02 3.327805e+01
6.845578e+00 1.249011e+02 2.943948e+01
6.989692e+00 1.040843e+02 2.687445e+01
7.133806e+00 6.245057e+01 2.081686e+01
