3.948356e-02 1.238186e+02 8.755297e+01
5.563622e-02 1.857279e+02 1.072301e+02
7.178888e-02 4.333651e+02 1.637966e+02
8.794154e-02 4.952744e+02 1.751059e+02
1.040942e-01 7.429116e+02 2.144601e+02
1.202469e-01 1.176277e+03 2.698564e+02
1.363995e-01 1.609642e+03 3.156767e+02
1.525522e-01 1.423914e+03 2.969066e+02
1.687049e-01 2.414463e+03 3.866234e+02
1.848575e-01 3.033556e+03 4.333651e+02
2.010102e-01 4.333651e+03 5.179704e+02
2.171628e-01 3.528830e+03 4.674050e+02
2.333155e-01 3.343102e+03 4.549386e+02
2.494682e-01 3.838377e+03 4.874743e+02
2.656208e-01 5.076563e+03 5.606125e+02
2.817735e-01 4.890835e+03 5.502619e+02
2.979262e-01 5.076563e+03 5.606125e+02
3.140788e-01 5.819474e+03 6.002329e+02
3.302315e-01 6.500476e+03 6.343815e+02
3.463841e-01 6.252839e+03 6.221808e+02
3.625368e-01 6.995751e+03 6.581049e+02
3.786895e-01 7.738662e+03 6.921670e+02
3.948421e-01 7.429116e+03 6.781824e+02
4.109948e-01 8.605393e+03 7.298999e+02
4.271475e-01 7.738662e+03 6.921670e+02
4.433001e-01 8.976848e+03 7.454867e+02
4.594528e-01 8.605393e+03 7.298999e+02
4.756054e-01 9.967397e+03 7.855409e+02
4.917581e-01 1.077222e+04 8.166397e+02
5.079108e-01 9.967397e+03 7.855409e+02
5.240634e-01 1.225804e+04 8.711411e+02
5.402161e-01 1.145322e+04 8.420575e+02
5.563687e-01 1.318668e+04 9.035365e+02
5.725214e-01 1.423914e+04 9.389010e+02
5.886741e-01 1.622024e+04 1.002090e+03
6.048267e-01 1.646787e+04 1.009710e+03
6.209794e-01 1.758224e+04 1.043314e+03
6.371321e-01 1.795370e+04 1.054277e+03
6.532847e-01 2.043007e+04 1.124638e+03
6.694374e-01 2.210162e+04 1.169742e+03
6.855900e-01 2.284453e+04 1.189239e+03
7.017427e-01 2.724009e+04 1.298620e+03
7.178954e-01 2.494945e+04 1.242821e+03
7.340480e-01 2.854019e+04 1.329249e+03
7.502007e-01 3.491684e+04 1.470264e+03
7.663534e-01 3.850758e+04 1.544013e+03
7.825060e-01 3.751704e+04 1.524025e+03
7.986587e-01 3.850758e+04 1.544013e+03
8.148113e-01 3.720749e+04 1.517725e+03
8.309640e-01 1.981098e+04 1.107467e+03
