4.020616e-01 4.468754e+01 1.824361e+01
5.363273e-01 1.713022e+02 3.571899e+01
6.705929e-01 3.947400e+02 5.422170e+01
8.048585e-01 9.011988e+02 8.192716e+01
9.391241e-01 1.936460e+03 1.200942e+02
1.073390e+00 4.036775e+03 1.733943e+02
1.207655e+00 5.072036e+03 1.943608e+02
1.341921e+00 7.135111e+03 2.305250e+02
1.476186e+00 7.865007e+03 2.420289e+02
1.610452e+00 7.157455e+03 2.308856e+02
1.744718e+00 6.576517e+03 2.213174e+02
1.878983e+00 5.057140e+03 1.940752e+02
2.013249e+00 3.872920e+03 1.698388e+02
2.147515e+00 3.388805e+03 1.588696e+02
2.281780e+00 2.763180e+03 1.434571e+02
2.416046e+00 2.554638e+03 1.379375e+02
2.550311e+00 1.899221e+03 1.189338e+02
2.684577e+00 1.757710e+03 1.144172e+02
2.818843e+00 1.750262e+03 1.141745e+02
2.953108e+00 1.348074e+03 1.002016e+02
3.087374e+00 1.132084e+03 9.182417e+01
3.221639e+00 6.852090e+02 7.143797e+01
3.355905e+00 8.118237e+02 7.775861e+01
3.490171e+00 8.118237e+02 7.775861e+01
3.624436e+00 5.958339e+02 6.661625e+01
3.758702e+00 6.256256e+02 6.826135e+01
3.892967e+00 5.064588e+02 6.141715e+01
4.027233e+00 4.841150e+02 6.004708e+01
4.161499e+00 3.500524e+02 5.106039e+01
4.295764e+00 3.426045e+02 5.051428e+01
4.430030e+00 2.383336e+02 4.213182e+01
4.564295e+00 3.277086e+02 4.940394e+01
4.698561e+00 2.904690e+02 4.651227e+01
4.832827e+00 1.787502e+02 3.648723e+01
4.967092e+00 1.787502e+02 3.648723e+01
5.101358e+00 2.234377e+02 4.079396e+01
5.235623e+00 1.936460e+02 3.797711e+01
5.369889e+00 9.682301e+01 2.685387e+01
5.504155e+00 1.191668e+02 2.979169e+01
5.638420e+00 1.340626e+02 3.159886e+01
5.772686e+00 6.703131e+01 2.234377e+01
5.906952e+00 8.192716e+01 2.470197e+01
6.041217e+00 8.192716e+01 2.470197e+01
6.175483e+00 6.703131e+01 2.234377e+01
6.309748e+00 5.213547e+01 1.970535e+01
6.444014e+00 3.723962e+01 1.665406e+01
6.578280e+00 2.979169e+01 1.489585e+01
6.712545e+00 2.234377e+01 1.290018e+01
6.846811e+00 7.447924e+00 7.447924e+00
6.981076e+00 1.489585e+01 1.053295e+01
