1.007956e-02 1.274602e+05 2.524584e+03
3.007796e-02 7.280585e+04 1.908032e+03
5.007635e-02 4.795385e+04 1.548511e+03
7.007474e-02 3.500281e+04 1.322982e+03
9.007313e-02 3.005242e+04 1.225864e+03
1.100715e-01 2.270182e+04 1.065449e+03
1.300699e-01 1.930155e+04 9.824231e+02
1.500683e-01 1.735139e+04 9.314717e+02
1.700667e-01 1.490120e+04 8.632032e+02
1.900651e-01 1.335107e+04 8.170724e+02
2.100635e-01 1.135091e+04 7.533865e+02
2.300619e-01 9.450760e+03 6.874416e+02
2.500603e-01 1.020082e+04 7.142002e+02
2.700587e-01 8.400675e+03 6.481262e+02
2.900571e-01 8.350671e+03 6.461943e+02
3.100555e-01 7.150575e+03 5.979611e+02
3.300538e-01 5.750462e+03 5.362334e+02
3.500522e-01 4.950398e+03 4.975337e+02
3.700506e-01 4.350350e+03 4.664064e+02
3.900490e-01 4.150334e+03 4.555583e+02
4.100474e-01 3.300265e+03 4.062346e+02
4.300458e-01 2.300185e+03 3.391438e+02
4.500442e-01 3.050245e+03 3.905439e+02
4.700426e-01 2.300185e+03 3.391438e+02
4.900410e-01 1.650133e+03 2.872512e+02
5.100394e-01 1.350109e+03 2.598285e+02
5.300378e-01 1.600129e+03 2.828654e+02
5.500362e-01 1.200096e+03 2.449687e+02
5.700346e-01 1.100088e+03 2.345396e+02
5.900330e-01 1.350109e+03 2.598285e+02
6.100313e-01 7.500603e+02 1.936647e+02
6.300297e-01 3.500281e+02 1.322982e+02
6.500281e-01 6.500522e+02 1.802921e+02
6.700265e-01 5.000402e+02 1.581266e+02
6.900249e-01 3.000241e+02 1.224843e+02
7.100233e-01 4.500362e+02 1.500121e+02
7.300217e-01 4.000321e+02 1.414327e+02
7.500201e-01 3.500281e+02 1.322982e+02
7.700185e-01 4.000321e+02 1.414327e+02
7.900169e-01 2.500201e+02 1.118124e+02
8.100153e-01 2.500201e+02 1.118124e+02
8.300137e-01 2.000161e+02 1.000080e+02
8.500121e-01 5.000402e+01 5.000402e+01
8.700104e-01 1.000080e+02 7.071636e+01
8.900088e-01 1.000080e+02 7.071636e+01
9.100072e-01 5.000402e+01 5.000402e+01
9.300056e-01 1.000080e+02 7.071636e+01
9.500040e-01 0.000000e+00 0.000000e+00
9.700024e-01 1.500121e+02 8.660950e+01
9.900008e-01 5.000402e+01 5.000402e+01
