3.639121e-01 2.310505e+02 4.084435e+01
5.024100e-01 9.675241e+02 8.358135e+01
6.409078e-01 2.606539e+03 1.371863e+02
7.794056e-01 7.451380e+03 2.319513e+02
9.179035e-01 1.924940e+04 3.728096e+02
1.056401e+00 3.505470e+04 5.030969e+02
1.194899e+00 5.143040e+04 6.093804e+02
1.333397e+00 6.802272e+04 7.008184e+02
1.471895e+00 7.412390e+04 7.315729e+02
1.610393e+00 6.996499e+04 7.107533e+02
1.748891e+00 6.006592e+04 6.585558e+02
1.887388e+00 4.895383e+04 5.945273e+02
2.025886e+00 3.981289e+04 5.361550e+02
2.164384e+00 3.288138e+04 4.872519e+02
2.302882e+00 2.693905e+04 4.410315e+02
2.441380e+00 2.294621e+04 4.070370e+02
2.579878e+00 1.974760e+04 3.776032e+02
2.718375e+00 1.665730e+04 3.468014e+02
2.856873e+00 1.480889e+04 3.269940e+02
2.995371e+00 1.240453e+04 2.992737e+02
3.133869e+00 1.079439e+04 2.791757e+02
3.272367e+00 9.350326e+03 2.598315e+02
3.410865e+00 8.837683e+03 2.526083e+02
3.549363e+00 7.978464e+03 2.400149e+02
3.687860e+00 6.945957e+03 2.239466e+02
3.826358e+00 6.361110e+03 2.143112e+02
3.964856e+00 5.465789e+03 1.986575e+02
4.103354e+00 5.299721e+03 1.956163e+02
4.241852e+00 4.158910e+03 1.732879e+02
4.380350e+00 3.884537e+03 1.674743e+02
4.518847e+00 3.725690e+03 1.640143e+02
4.657345e+00 3.631825e+03 1.619351e+02
4.795843e+00 2.837589e+03 1.431374e+02
4.934341e+00 2.548776e+03 1.356577e+02
5.072839e+00 2.541556e+03 1.354654e+02
5.211337e+00 1.956709e+03 1.188616e+02
5.349834e+00 1.935048e+03 1.182019e+02
5.488332e+00 1.768981e+03 1.130160e+02
5.626830e+00 1.480167e+03 1.033794e+02
5.765328e+00 1.090270e+03 8.872489e+01
5.903826e+00 1.169693e+03 9.189978e+01
6.042324e+00 9.025411e+02 8.072573e+01
6.180822e+00 7.870159e+02 7.538245e+01
6.319319e+00 6.137280e+02 6.656814e+01
6.457817e+00 4.548807e+02 5.730958e+01
6.596315e+00 4.982027e+02 5.997656e+01
6.734813e+00 3.032538e+02 4.679308e+01
6.873311e+00 1.949489e+02 3.751793e+01
7.011809e+00 1.227456e+02 2.977018e+01
7.150306e+00 6.498296e+01 2.166099e+01
