1.400982e+00 7.190991e+01 2.396997e+01
1.526139e+00 6.391992e+01 2.259910e+01
1.651295e+00 1.278398e+02 3.195996e+01
1.776452e+00 2.396997e+02 4.376297e+01
1.901609e+00 4.554294e+02 6.032310e+01
2.026765e+00 7.510590e+02 7.746582e+01
2.151922e+00 8.149789e+02 8.069494e+01
2.277078e+00 1.182518e+03 9.720242e+01
2.402235e+00 1.382268e+03 1.050919e+02
2.527392e+00 1.390258e+03 1.053952e+02
2.652548e+00 1.829708e+03 1.209105e+02
2.777705e+00 1.717848e+03 1.171562e+02
2.902861e+00 2.420967e+03 1.390809e+02
3.028018e+00 2.125337e+03 1.303128e+02
3.153175e+00 2.500867e+03 1.413573e+02
3.278331e+00 2.692626e+03 1.466767e+02
3.403488e+00 2.676646e+03 1.462408e+02
3.528644e+00 2.644687e+03 1.453651e+02
3.653801e+00 2.716596e+03 1.473281e+02
3.778958e+00 2.996246e+03 1.547255e+02
3.904114e+00 2.972276e+03 1.541053e+02
4.029271e+00 3.251926e+03 1.611920e+02
4.154428e+00 2.916346e+03 1.526485e+02
4.279584e+00 3.052176e+03 1.561629e+02
4.404741e+00 2.860416e+03 1.511777e+02
4.529897e+00 2.852426e+03 1.509664e+02
4.655054e+00 2.812476e+03 1.499055e+02
4.780211e+00 2.564787e+03 1.431524e+02
4.905367e+00 2.532827e+03 1.422577e+02
5.030524e+00 2.269157e+03 1.346497e+02
5.155680e+00 2.285137e+03 1.351230e+02
5.280837e+00 2.165287e+03 1.315318e+02
5.405994e+00 1.893628e+03 1.230043e+02
5.531150e+00 1.853678e+03 1.216999e+02
5.656307e+00 1.877648e+03 1.224842e+02
5.781463e+00 1.574028e+03 1.121448e+02
5.906620e+00 1.526088e+03 1.104239e+02
6.031777e+00 1.390258e+03 1.053952e+02
6.156933e+00 1.214478e+03 9.850721e+01
6.282090e+00 9.428188e+02 8.679350e+01
6.407247e+00 7.910090e+02 7.949939e+01
6.532403e+00 7.670390e+02 7.828559e+01
6.657560e+00 5.832692e+02 6.826650e+01
6.782716e+00 4.873894e+02 6.240381e+01
6.907873e+00 4.314594e+02 5.871419e+01
7.033030e+00 4.234694e+02 5.816800e+01
7.158186e+00 3.195996e+02 5.053313e+01
7.283343e+00 2.317097e+02 4.302741e+01
7.408499e+00 1.597998e+02 3.573232e+01
7.533656e+00 8.788988e+01 2.649980e+01
