1.006341e-02 1.891621e+05 3.075502e+03
3.006213e-02 8.690557e+04 2.084600e+03
5.006085e-02 5.300339e+04 1.627986e+03
7.005957e-02 3.460222e+04 1.315379e+03
9.005829e-02 2.745176e+04 1.171612e+03
1.100570e-01 1.945125e+04 9.862173e+02
1.300557e-01 1.595102e+04 8.930858e+02
1.500544e-01 1.300083e+04 8.062774e+02
1.700532e-01 9.650618e+03 6.946667e+02
1.900519e-01 9.950637e+03 7.053820e+02
2.100506e-01 7.700493e+03 6.205234e+02
2.300493e-01 5.100327e+03 5.050076e+02
2.500480e-01 3.800243e+03 4.359178e+02
2.700468e-01 3.350215e+03 4.092939e+02
2.900455e-01 3.000192e+03 3.873231e+02
3.100442e-01 2.850183e+03 3.775159e+02
3.300429e-01 2.000128e+03 3.162480e+02
3.500416e-01 1.600102e+03 2.828608e+02
3.700404e-01 1.550099e+03 2.784061e+02
3.900391e-01 1.300083e+03 2.549673e+02
4.100378e-01 9.000577e+02 2.121456e+02
4.300365e-01 6.500416e+02 1.802891e+02
4.500352e-01 8.500544e+02 2.061685e+02
4.700339e-01 4.000256e+02 1.414304e+02
4.900327e-01 7.500480e+02 1.936616e+02
5.100314e-01 9.000577e+02 2.121456e+02
5.300301e-01 4.000256e+02 1.414304e+02
5.500288e-01 3.000192e+02 1.224823e+02
5.700275e-01 4.500288e+02 1.500096e+02
5.900263e-01 4.000256e+02 1.414304e+02
6.100250e-01 1.500096e+02 8.660809e+01
6.300237e-01 2.000128e+02 1.000064e+02
6.500224e-01 2.000128e+02 1.000064e+02
6.700211e-01 1.000064e+02 7.071521e+01
6.900199e-01 1.500096e+02 8.660809e+01
7.100186e-01 1.000064e+02 7.071521e+01
7.300173e-01 5.000320e+01 5.000320e+01
7.500160e-01 1.000064e+02 7.071521e+01
7.700147e-01 1.000064e+02 7.071521e+01
7.900135e-01 2.500160e+02 1.118106e+02
8.100122e-01 1.000064e+02 7.071521e+01
8.300109e-01 1.000064e+02 7.071521e+01
8.500096e-01 0.000000e+00 0.000000e+00
8.700083e-01 0.000000e+00 0.000000e+00
8.900070e-01 5.000320e+01 5.000320e+01
9.100058e-01 5.000320e+01 5.000320e+01
9.300045e-01 2.500160e+02 1.118106e+02
9.500032e-01 1.000064e+02 7.071521e+01
9.700019e-01 0.000000e+00 0.000000e+00
9.900006e-01 0.000000e+00 0.000000e+00
