4.072348e-01 1.384943e+01 9.793027e+00
5.516451e-01 8.309659e+01 2.398792e+01
6.960554e-01 1.731179e+02 3.462358e+01
8.404656e-01 6.439986e+02 6.677954e+01
9.848759e-01 1.281072e+03 9.418632e+01
1.129286e+00 2.423651e+03 1.295496e+02
1.273696e+00 3.815519e+03 1.625466e+02
1.418107e+00 5.539773e+03 1.958605e+02
1.562517e+00 5.692117e+03 1.985354e+02
1.706927e+00 5.442827e+03 1.941392e+02
1.851337e+00 4.674183e+03 1.799094e+02
1.995748e+00 4.037109e+03 1.672000e+02
2.140158e+00 3.773970e+03 1.616591e+02
2.284568e+00 2.998402e+03 1.440940e+02
2.428978e+00 2.797585e+03 1.391851e+02
2.573389e+00 2.479048e+03 1.310218e+02
2.717799e+00 2.146662e+03 1.219222e+02
2.862209e+00 1.890447e+03 1.144151e+02
3.006619e+00 1.751953e+03 1.101444e+02
3.151030e+00 1.606534e+03 1.054741e+02
3.295440e+00 1.627308e+03 1.061539e+02
3.439850e+00 1.308771e+03 9.519911e+01
3.584260e+00 1.177202e+03 9.028725e+01
3.728671e+00 1.094105e+03 8.704233e+01
3.873081e+00 9.833097e+02 8.251751e+01
4.017491e+00 1.024858e+03 8.424281e+01
4.161901e+00 8.101918e+02 7.490226e+01
4.306312e+00 6.924716e+02 6.924716e+01
4.450722e+00 7.340199e+02 7.129431e+01
4.595132e+00 6.716974e+02 6.820054e+01
4.739542e+00 7.686435e+02 7.295641e+01
4.883953e+00 6.024503e+02 6.458945e+01
5.028363e+00 5.886009e+02 6.384273e+01
5.172773e+00 5.124290e+02 5.956866e+01
5.317184e+00 4.431818e+02 5.539773e+01
5.461594e+00 3.877841e+02 5.181983e+01
5.606004e+00 4.085582e+02 5.318975e+01
5.750414e+00 3.531605e+02 4.945236e+01
5.894825e+00 2.769886e+02 4.379575e+01
6.039235e+00 2.769886e+02 4.379575e+01
6.183645e+00 2.077415e+02 3.792823e+01
6.328055e+00 2.146662e+02 3.855519e+01
6.472466e+00 1.384943e+02 3.096827e+01
6.616876e+00 1.800426e+02 3.530926e+01
6.761286e+00 9.002131e+01 2.496742e+01
6.905696e+00 9.694602e+01 2.590991e+01
7.050107e+00 1.454190e+02 3.173304e+01
7.194517e+00 9.694602e+01 2.590991e+01
7.338927e+00 4.154830e+01 1.696202e+01
7.483337e+00 2.077415e+01 1.199396e+01
