1.036316e-02 6.872521e+04 1.854055e+03
3.035582e-02 5.667079e+04 1.683621e+03
5.034848e-02 4.201541e+04 1.449669e+03
7.034115e-02 3.236187e+04 1.272276e+03
9.033381e-02 2.836040e+04 1.191025e+03
1.103265e-01 2.470906e+04 1.111713e+03
1.303191e-01 2.095769e+04 1.023850e+03
1.503118e-01 1.750642e+04 9.357576e+02
1.703045e-01 1.750642e+04 9.357576e+02
1.902971e-01 1.685618e+04 9.182148e+02
2.102898e-01 1.530561e+04 8.749637e+02
2.302825e-01 1.405516e+04 8.384603e+02
2.502751e-01 1.290473e+04 8.034136e+02
2.702678e-01 1.175431e+04 7.667668e+02
2.902604e-01 9.803596e+03 7.002569e+02
3.102531e-01 1.040382e+04 7.213749e+02
3.302458e-01 9.153358e+03 6.766357e+02
3.502384e-01 9.653541e+03 6.948771e+02
3.702311e-01 8.152991e+03 6.385915e+02
3.902238e-01 7.502752e+03 6.125972e+02
4.102164e-01 7.402716e+03 6.084995e+02
4.302091e-01 7.802862e+03 6.247290e+02
4.502018e-01 5.452000e+03 5.222069e+02
4.701944e-01 6.052220e+03 5.502018e+02
4.901871e-01 5.001835e+03 5.001835e+02
5.101797e-01 5.301945e+03 5.149704e+02
5.301724e-01 4.251560e+03 4.611464e+02
5.501651e-01 3.601321e+03 4.244198e+02
5.701577e-01 3.101138e+03 3.938449e+02
5.901504e-01 2.901064e+03 3.809284e+02
6.101431e-01 1.600587e+03 2.829465e+02
6.301357e-01 1.600587e+03 2.829465e+02
6.501284e-01 1.300477e+03 2.550445e+02
6.701211e-01 9.003303e+02 2.122099e+02
6.901137e-01 1.000367e+03 2.236889e+02
7.101064e-01 1.300477e+03 2.550445e+02
7.300990e-01 7.002569e+02 1.871515e+02
7.500917e-01 1.100404e+03 2.346068e+02
7.700844e-01 7.002569e+02 1.871515e+02
7.900770e-01 5.001835e+02 1.581719e+02
8.100697e-01 9.503486e+02 2.180249e+02
8.300624e-01 6.502385e+02 1.803437e+02
8.500550e-01 4.001468e+02 1.414733e+02
8.700477e-01 3.001101e+02 1.225194e+02
8.900404e-01 2.500917e+02 1.118444e+02
9.100330e-01 3.001101e+02 1.225194e+02
9.300257e-01 5.502018e+02 1.658921e+02
9.500183e-01 3.001101e+02 1.225194e+02
9.700110e-01 0.000000e+00 0.000000e+00
9.900037e-01 0.000000e+00 0.000000e+00
