1.172506e+00 2.428498e+01 1.402094e+01
1.296039e+00 6.475994e+01 2.289609e+01
1.419572e+00 1.214249e+02 3.135177e+01
1.543105e+00 2.104698e+02 4.127652e+01
1.666638e+00 3.318947e+02 5.183324e+01
1.790171e+00 5.585544e+02 6.724205e+01
1.913705e+00 8.499742e+02 8.294898e+01
2.037238e+00 1.189964e+03 9.814656e+01
2.160771e+00 1.238534e+03 1.001295e+02
2.284304e+00 1.683758e+03 1.167476e+02
2.407837e+00 2.072318e+03 1.295199e+02
2.531370e+00 2.412308e+03 1.397412e+02
2.654904e+00 2.039938e+03 1.285040e+02
2.778437e+00 2.606587e+03 1.452594e+02
2.901970e+00 2.808962e+03 1.507930e+02
3.025503e+00 2.954672e+03 1.546546e+02
3.149036e+00 3.310852e+03 1.637111e+02
3.272569e+00 3.116572e+03 1.588352e+02
3.396103e+00 3.116572e+03 1.588352e+02
3.519636e+00 3.059907e+03 1.573846e+02
3.643169e+00 3.027527e+03 1.565497e+02
3.766702e+00 3.100382e+03 1.584221e+02
3.890235e+00 2.946577e+03 1.544426e+02
4.013768e+00 3.011337e+03 1.561306e+02
4.137302e+00 2.881817e+03 1.527360e+02
4.260835e+00 2.865627e+03 1.523064e+02
4.384368e+00 3.140857e+03 1.594528e+02
4.507901e+00 2.728012e+03 1.486043e+02
4.631434e+00 2.558017e+03 1.438997e+02
4.754967e+00 2.266598e+03 1.354551e+02
4.878501e+00 2.396118e+03 1.392715e+02
5.002034e+00 2.007558e+03 1.274801e+02
5.125567e+00 1.845658e+03 1.222317e+02
5.249100e+00 1.667568e+03 1.161850e+02
5.372633e+00 1.740423e+03 1.186959e+02
5.496166e+00 1.505669e+03 1.104010e+02
5.619700e+00 1.359959e+03 1.049231e+02
5.743233e+00 1.189964e+03 9.814656e+01
5.866766e+00 1.003779e+03 9.014202e+01
5.990299e+00 7.771192e+02 7.931440e+01
6.113832e+00 7.123593e+02 7.593776e+01
6.237365e+00 6.637893e+02 7.330327e+01
6.360899e+00 5.585544e+02 6.724205e+01
6.484432e+00 3.318947e+02 5.183324e+01
6.607965e+00 2.914197e+02 4.856995e+01
6.731498e+00 2.428498e+02 4.433810e+01
6.855031e+00 1.942798e+02 3.965720e+01
6.978564e+00 9.713990e+01 2.804187e+01
7.102098e+00 4.856995e+01 1.982860e+01
7.225631e+00 8.094992e+00 8.094992e+00
