1.005319e-02 2.023609e+05 3.180973e+03
3.005212e-02 8.110436e+04 2.013811e+03
5.005104e-02 5.280284e+04 1.624895e+03
7.004997e-02 3.580192e+04 1.337981e+03
9.004890e-02 2.670143e+04 1.155484e+03
1.100478e-01 2.035109e+04 1.008766e+03
1.300467e-01 1.455078e+04 8.529819e+02
1.500457e-01 1.215065e+04 7.794647e+02
1.700446e-01 8.900478e+03 6.671190e+02
1.900435e-01 7.950427e+03 6.305099e+02
2.100424e-01 5.750309e+03 5.362191e+02
2.300414e-01 4.650250e+03 4.822084e+02
2.500403e-01 4.800258e+03 4.899243e+02
2.700392e-01 3.700199e+03 4.301394e+02
2.900381e-01 2.650142e+03 3.640251e+02
3.100371e-01 1.800097e+03 3.000161e+02
3.300360e-01 2.300124e+03 3.391347e+02
3.500349e-01 1.900102e+03 3.082373e+02
3.700339e-01 1.650089e+03 2.872436e+02
3.900328e-01 9.500510e+02 2.179567e+02
4.100317e-01 9.500510e+02 2.179567e+02
4.300306e-01 7.000376e+02 1.870929e+02
4.500296e-01 8.000430e+02 2.000107e+02
4.700285e-01 7.500403e+02 1.936596e+02
4.900274e-01 6.500349e+02 1.802873e+02
5.100263e-01 3.000161e+02 1.224811e+02
5.300253e-01 3.500188e+02 1.322947e+02
5.500242e-01 2.500134e+02 1.118094e+02
5.700231e-01 4.000215e+02 1.414290e+02
5.900220e-01 5.000269e+02 1.581224e+02
6.100210e-01 1.500081e+02 8.660719e+01
6.300199e-01 2.000107e+02 1.000054e+02
6.500188e-01 2.000107e+02 1.000054e+02
6.700177e-01 1.500081e+02 8.660719e+01
6.900167e-01 0.000000e+00 0.000000e+00
7.100156e-01 2.000107e+02 1.000054e+02
7.300145e-01 5.000269e+01 5.000269e+01
7.500134e-01 5.000269e+01 5.000269e+01
7.700124e-01 5.000269e+01 5.000269e+01
7.900113e-01 0.000000e+00 0.000000e+00
8.100102e-01 5.000269e+01 5.000269e+01
8.300091e-01 1.000054e+02 7.071448e+01
8.500081e-01 0.000000e+00 0.000000e+00
8.700070e-01 5.000269e+01 5.000269e+01
8.900059e-01 5.000269e+01 5.000269e+01
9.100048e-01 0.000000e+00 0.000000e+00
9.300038e-01 0.000000e+00 0.000000e+00
9.500027e-01 0.000000e+00 0.000000e+00
9.700016e-01 0.000000e+00 0.000000e+00
9.900005e-01 0.000000e+00 0.000000e+00
