1.101225e+00 1.514025e+01 1.070577e+01
1.233323e+00 4.542075e+01 1.854294e+01
1.365421e+00 2.043934e+02 3.933552e+01
1.497520e+00 6.207503e+02 6.855040e+01
1.629618e+00 1.014397e+03 8.763053e+01
1.761716e+00 2.096925e+03 1.259920e+02
1.893814e+00 3.489828e+03 1.625375e+02
2.025913e+00 4.988712e+03 1.943326e+02
2.158011e+00 6.813113e+03 2.271038e+02
2.290109e+00 9.046299e+03 2.616899e+02
2.422207e+00 1.098425e+04 2.883612e+02
2.554305e+00 1.264211e+04 3.093580e+02
2.686404e+00 1.495857e+04 3.365089e+02
2.818502e+00 1.736587e+04 3.625766e+02
2.950600e+00 1.964447e+04 3.856308e+02
3.082698e+00 2.057560e+04 3.946642e+02
3.214796e+00 2.264981e+04 4.140796e+02
3.346895e+00 2.486786e+04 4.338811e+02
3.478993e+00 2.624562e+04 4.457383e+02
3.611091e+00 2.650301e+04 4.479186e+02
3.743189e+00 2.669226e+04 4.495150e+02
3.875288e+00 2.875890e+04 4.665924e+02
4.007386e+00 2.984900e+04 4.753532e+02
4.139484e+00 2.934937e+04 4.713581e+02
4.271582e+00 2.959162e+04 4.732993e+02
4.403680e+00 2.955377e+04 4.729965e+02
4.535779e+00 2.965975e+04 4.738439e+02
4.667877e+00 2.850909e+04 4.645615e+02
4.799975e+00 2.809273e+04 4.611567e+02
4.932073e+00 2.722974e+04 4.540182e+02
5.064171e+00 2.540534e+04 4.385449e+02
5.196270e+00 2.400487e+04 4.262861e+02
5.328368e+00 2.311159e+04 4.182794e+02
5.460466e+00 2.211991e+04 4.092071e+02
5.592564e+00 1.995485e+04 3.886653e+02
5.724663e+00 1.943251e+04 3.835447e+02
5.856761e+00 1.789578e+04 3.680669e+02
5.988859e+00 1.595782e+04 3.475669e+02
6.120957e+00 1.403501e+04 3.259552e+02
6.253055e+00 1.276323e+04 3.108364e+02
6.385154e+00 1.046948e+04 2.815232e+02
6.517252e+00 9.492937e+03 2.680722e+02
6.649350e+00 7.963772e+03 2.455336e+02
6.781448e+00 6.154512e+03 2.158481e+02
6.913546e+00 5.299088e+03 2.002867e+02
7.045645e+00 4.383102e+03 1.821555e+02
7.177743e+00 2.959919e+03 1.496895e+02
7.309841e+00 2.180196e+03 1.284693e+02
7.441939e+00 1.127949e+03 9.240515e+01
7.574038e+00 2.271038e+02 4.146328e+01
