7.375947e-02 1.914273e+04 3.603508e+02
2.211783e-01 1.853223e+04 3.545580e+02
3.685972e-01 1.947512e+04 3.634658e+02
5.160161e-01 1.957687e+04 3.644140e+02
6.634349e-01 1.943442e+04 3.630858e+02
8.108538e-01 1.973289e+04 3.658633e+02
9.582726e-01 1.968540e+04 3.654228e+02
1.105692e+00 1.912238e+04 3.601592e+02
1.253110e+00 1.948190e+04 3.635291e+02
1.400529e+00 1.935980e+04 3.623881e+02
1.547948e+00 1.946155e+04 3.633392e+02
1.695367e+00 1.899350e+04 3.589434e+02
1.842786e+00 1.915630e+04 3.604784e+02
1.990205e+00 1.916987e+04 3.606061e+02
2.137624e+00 1.898672e+04 3.588793e+02
2.285042e+00 1.887818e+04 3.578521e+02
2.432461e+00 1.805061e+04 3.499205e+02
2.579880e+00 1.786067e+04 3.480746e+02
2.727299e+00 1.791494e+04 3.486030e+02
2.874718e+00 1.825411e+04 3.518875e+02
3.022137e+00 1.754185e+04 3.449540e+02
3.169556e+00 1.725695e+04 3.421413e+02
3.316974e+00 1.642938e+04 3.338367e+02
3.464393e+00 1.692456e+04 3.388303e+02
3.611812e+00 1.621231e+04 3.316240e+02
3.759231e+00 1.577817e+04 3.271537e+02
3.906650e+00 1.521515e+04 3.212636e+02
4.054069e+00 1.488276e+04 3.177351e+02
4.201488e+00 1.438079e+04 3.123308e+02
4.348906e+00 1.397379e+04 3.078793e+02
4.496325e+00 1.393987e+04 3.075055e+02
4.643744e+00 1.268494e+04 2.933376e+02
4.791163e+00 1.286810e+04 2.954477e+02
4.938582e+00 1.160638e+04 2.805898e+02
5.086001e+00 1.047356e+04 2.665450e+02
5.233420e+00 1.070419e+04 2.694638e+02
5.380839e+00 9.774869e+03 2.575010e+02
5.528257e+00 8.981212e+03 2.468260e+02
5.675676e+00 8.336789e+03 2.378060e+02
5.823095e+00 7.522782e+03 2.258982e+02
5.970514e+00 6.912277e+03 2.165380e+02
6.117933e+00 5.650566e+03 1.957805e+02
6.265352e+00 5.006144e+03 1.842787e+02
6.412771e+00 4.504173e+03 1.747958e+02
6.560189e+00 3.744433e+03 1.593736e+02
6.707608e+00 2.754057e+03 1.366816e+02
6.855027e+00 2.001101e+03 1.165086e+02
7.002446e+00 1.248144e+03 9.201441e+01
7.149865e+00 6.308555e+02 6.541667e+01
7.297284e+00 1.221011e+02 2.877950e+01
