1.591908e-01 3.509831e+03 3.009655e+02
1.979391e-01 3.845330e+03 3.150217e+02
2.366874e-01 3.458216e+03 2.987443e+02
2.754357e-01 4.335674e+03 3.345045e+02
3.141840e-01 4.309866e+03 3.335074e+02
3.529323e-01 4.438904e+03 3.384633e+02
3.916806e-01 5.084093e+03 3.622267e+02
4.304290e-01 5.187324e+03 3.658856e+02
4.691773e-01 4.593749e+03 3.443161e+02
5.079256e-01 5.419592e+03 3.739874e+02
5.466739e-01 5.161516e+03 3.649743e+02
5.854222e-01 5.135709e+03 3.640607e+02
6.241705e-01 4.877633e+03 3.547956e+02
6.629188e-01 4.748595e+03 3.500711e+02
7.016671e-01 5.600245e+03 3.801694e+02
7.404154e-01 5.858321e+03 3.888304e+02
7.791637e-01 6.142204e+03 3.981400e+02
8.179120e-01 5.884128e+03 3.896859e+02
8.566603e-01 5.626053e+03 3.810444e+02
8.954086e-01 4.980863e+03 3.585304e+02
9.341569e-01 5.264747e+03 3.686060e+02
9.729052e-01 5.445400e+03 3.748768e+02
1.011654e+00 5.677668e+03 3.827883e+02
1.050402e+00 6.477703e+03 4.088690e+02
1.089150e+00 5.651860e+03 3.819173e+02
1.127898e+00 6.219627e+03 4.006414e+02
1.166647e+00 6.271242e+03 4.023004e+02
1.205395e+00 6.090589e+03 3.964636e+02
1.244143e+00 6.555126e+03 4.113052e+02
1.282892e+00 6.632548e+03 4.137270e+02
1.321640e+00 5.161516e+03 3.649743e+02
1.360388e+00 5.651860e+03 3.819173e+02
1.399137e+00 5.884128e+03 3.896859e+02
1.437885e+00 4.903440e+03 3.557330e+02
1.476633e+00 5.393784e+03 3.730959e+02
1.515381e+00 5.961551e+03 3.922413e+02
1.554130e+00 6.322857e+03 4.039525e+02
1.592878e+00 5.651860e+03 3.819173e+02
1.631626e+00 5.677668e+03 3.827883e+02
1.670375e+00 5.032478e+03 3.603833e+02
1.709123e+00 5.032478e+03 3.603833e+02
1.747871e+00 5.367977e+03 3.722022e+02
1.786620e+00 4.955056e+03 3.576003e+02
1.825368e+00 5.419592e+03 3.739874e+02
1.864116e+00 4.025983e+03 3.223366e+02
1.902865e+00 4.567942e+03 3.433475e+02
1.941613e+00 4.103405e+03 3.254212e+02
1.980361e+00 4.387289e+03 3.364897e+02
2.019109e+00 3.329178e+03 2.931178e+02
2.057858e+00 2.735604e+03 2.657053e+02
