1.515540e-01 3.642094e+02 5.050675e+01
2.943291e-01 1.884083e+03 1.148746e+02
4.371041e-01 8.467867e+03 2.435347e+02
5.798791e-01 2.383470e+04 4.085815e+02
7.226541e-01 1.367186e+04 3.094480e+02
8.654292e-01 5.540185e+03 1.969863e+02
1.008204e+00 3.312904e+03 1.523275e+02
1.150979e+00 2.626510e+03 1.356324e+02
1.293754e+00 2.031168e+03 1.192743e+02
1.436529e+00 1.638942e+03 1.071410e+02
1.579304e+00 1.477849e+03 1.017394e+02
1.722079e+00 1.302749e+03 9.552218e+01
1.864854e+00 1.190684e+03 9.132133e+01
2.007629e+00 7.774469e+02 7.379199e+01
2.150404e+00 5.953422e+02 6.457393e+01
2.293179e+00 3.992295e+02 5.287924e+01
2.435954e+00 2.801610e+02 4.429735e+01
2.578729e+00 1.400805e+02 3.132296e+01
2.721505e+00 4.902818e+01 1.853091e+01
2.864280e+00 7.704429e+01 2.322973e+01
3.007055e+00 4.202416e+01 1.715629e+01
3.149830e+00 7.004026e+00 7.004026e+00
3.292605e+00 2.801610e+01 1.400805e+01
3.435380e+00 3.502013e+01 1.566148e+01
3.578155e+00 2.101208e+01 1.213133e+01
3.720930e+00 2.101208e+01 1.213133e+01
3.863705e+00 1.400805e+01 9.905189e+00
4.006480e+00 7.004026e+00 7.004026e+00
4.149255e+00 1.400805e+01 9.905189e+00
4.292030e+00 2.101208e+01 1.213133e+01
4.434805e+00 1.400805e+01 9.905189e+00
4.577580e+00 2.101208e+01 1.213133e+01
4.720355e+00 1.400805e+01 9.905189e+00
4.863130e+00 1.400805e+01 9.905189e+00
5.005905e+00 4.202416e+01 1.715629e+01
5.148680e+00 0.000000e+00 0.000000e+00
5.291455e+00 7.004026e+00 7.004026e+00
5.434230e+00 0.000000e+00 0.000000e+00
5.577005e+00 7.004026e+00 7.004026e+00
5.719780e+00 2.101208e+01 1.213133e+01
5.862555e+00 0.000000e+00 0.000000e+00
6.005330e+00 0.000000e+00 0.000000e+00
6.148105e+00 0.000000e+00 0.000000e+00
6.290880e+00 7.004026e+00 7.004026e+00
6.433655e+00 0.000000e+00 0.000000e+00
6.576430e+00 7.004026e+00 7.004026e+00
6.719205e+00 0.000000e+00 0.000000e+00
6.861980e+00 7.004026e+00 7.004026e+00
7.004755e+00 0.000000e+00 0.000000e+00
7.147530e+00 0.000000e+00 0.000000e+00
