8.520626e-03 1.533244e+04 9.564112e+02
2.528247e-02 2.422167e+04 1.202101e+03
4.204432e-02 3.382682e+04 1.420593e+03
5.880617e-02 3.096317e+04 1.359132e+03
7.556802e-02 2.481827e+04 1.216816e+03
9.232987e-02 1.730120e+04 1.015961e+03
1.090917e-01 1.592903e+04 9.748409e+02
1.258536e-01 1.181254e+04 8.394807e+02
1.426154e-01 1.157390e+04 8.309578e+02
1.593773e-01 1.115629e+04 8.158286e+02
1.761391e-01 1.067901e+04 7.981869e+02
1.929010e-01 1.020174e+04 7.801465e+02
2.096628e-01 9.963102e+03 7.709680e+02
2.264246e-01 9.426168e+03 7.499057e+02
2.431865e-01 7.517071e+03 6.696739e+02
2.599483e-01 9.127872e+03 7.379447e+02
2.767102e-01 8.829575e+03 7.257866e+02
2.934720e-01 7.875027e+03 6.854331e+02
3.102339e-01 8.769916e+03 7.233305e+02
3.269957e-01 8.829575e+03 7.257866e+02
3.437576e-01 8.650598e+03 7.183930e+02
3.605194e-01 9.127872e+03 7.379447e+02
3.772813e-01 8.590938e+03 7.159115e+02
3.940431e-01 9.068213e+03 7.355292e+02
4.108050e-01 8.411960e+03 7.084149e+02
4.275668e-01 8.650598e+03 7.183930e+02
4.443287e-01 8.292642e+03 7.033727e+02
4.610905e-01 9.545487e+03 7.546370e+02
4.778524e-01 9.068213e+03 7.355292e+02
4.946142e-01 7.875027e+03 6.854331e+02
5.113761e-01 1.097731e+04 8.092580e+02
5.281379e-01 8.590938e+03 7.159115e+02
5.448998e-01 1.026140e+04 7.824243e+02
5.616616e-01 9.306850e+03 7.451443e+02
5.784235e-01 1.073867e+04 8.004134e+02
5.951853e-01 1.145458e+04 8.266634e+02
6.119472e-01 1.151424e+04 8.288134e+02
6.287090e-01 1.139492e+04 8.245078e+02
6.454708e-01 1.139492e+04 8.245078e+02
6.622327e-01 1.181254e+04 8.394807e+02
6.789945e-01 1.223016e+04 8.541911e+02
6.957564e-01 1.145458e+04 8.266634e+02
7.125182e-01 1.002276e+04 7.732728e+02
7.292801e-01 1.109663e+04 8.136443e+02
7.460419e-01 1.181254e+04 8.394807e+02
7.628038e-01 1.038072e+04 7.869601e+02
7.795656e-01 1.270743e+04 8.706987e+02
7.963275e-01 1.217050e+04 8.521051e+02
8.130893e-01 1.127561e+04 8.201797e+02
8.298512e-01 1.050004e+04 7.914700e+02
