1.187847e+00 7.239841e+00 7.239841e+00
1.325971e+00 4.343904e+01 1.773392e+01
1.464096e+00 1.520367e+02 3.317712e+01
1.602221e+00 3.040733e+02 4.691953e+01
1.740345e+00 3.981912e+02 5.369210e+01
1.878470e+00 6.009068e+02 6.595809e+01
2.016594e+00 8.325817e+02 7.763864e+01
2.154719e+00 1.288692e+03 9.659152e+01
2.292844e+00 1.390049e+03 1.003182e+02
2.430968e+00 1.781001e+03 1.135525e+02
2.569093e+00 2.157473e+03 1.249790e+02
2.707217e+00 2.331229e+03 1.299143e+02
2.845342e+00 2.533944e+03 1.354450e+02
2.983466e+00 2.874217e+03 1.442528e+02
3.121591e+00 2.729420e+03 1.405723e+02
3.259716e+00 2.852497e+03 1.437067e+02
3.397840e+00 2.874217e+03 1.442528e+02
3.535965e+00 2.953855e+03 1.462376e+02
3.674089e+00 2.852497e+03 1.437067e+02
3.812214e+00 2.939375e+03 1.458787e+02
3.950339e+00 2.743900e+03 1.409447e+02
4.088463e+00 2.780099e+03 1.418713e+02
4.226588e+00 2.599103e+03 1.371754e+02
4.364712e+00 2.700461e+03 1.398245e+02
4.502837e+00 2.483265e+03 1.340837e+02
4.640962e+00 2.432586e+03 1.327085e+02
4.779086e+00 2.476025e+03 1.338881e+02
4.917211e+00 1.983716e+03 1.198407e+02
5.055335e+00 2.237111e+03 1.272648e+02
5.193460e+00 1.889598e+03 1.169632e+02
5.331584e+00 1.636204e+03 1.088387e+02
5.469709e+00 1.411769e+03 1.010989e+02
5.607834e+00 1.563806e+03 1.064035e+02
5.745958e+00 1.382810e+03 1.000566e+02
5.884083e+00 1.230773e+03 9.439597e+01
6.022207e+00 1.107696e+03 8.955188e+01
6.160332e+00 1.006338e+03 8.535646e+01
6.298457e+00 8.615410e+02 7.897734e+01
6.436581e+00 8.181020e+02 7.696056e+01
6.574706e+00 6.009068e+02 6.595809e+01
6.712830e+00 5.067888e+02 6.057285e+01
6.850955e+00 5.285084e+02 6.185723e+01
6.989080e+00 3.764717e+02 5.220723e+01
7.127204e+00 3.040733e+02 4.691953e+01
7.265329e+00 2.823538e+02 4.521279e+01
7.403453e+00 2.027155e+02 3.830964e+01
7.541578e+00 1.592765e+02 3.395786e+01
7.679702e+00 8.687809e+01 2.507954e+01
7.817827e+00 6.515857e+01 2.171952e+01
7.955952e+00 3.619920e+01 1.618878e+01
