1.003261e-02 2.384079e+05 3.452649e+03
3.003195e-02 7.520248e+04 1.939136e+03
5.003129e-02 4.470147e+04 1.495041e+03
7.003063e-02 3.070101e+04 1.238992e+03
9.002997e-02 2.255074e+04 1.061873e+03
1.100293e-01 1.680055e+04 9.165453e+02
1.300287e-01 1.250041e+04 7.905955e+02
1.500280e-01 1.005033e+04 7.088957e+02
1.700273e-01 7.400244e+03 6.082963e+02
1.900267e-01 6.400211e+03 5.657041e+02
2.100260e-01 6.200204e+03 5.567948e+02
2.300254e-01 4.550150e+03 4.769853e+02
2.500247e-01 2.700089e+03 3.674356e+02
2.700240e-01 3.100102e+03 3.937134e+02
2.900234e-01 3.300109e+03 4.062153e+02
3.100227e-01 2.650087e+03 3.640175e+02
3.300221e-01 1.650054e+03 2.872376e+02
3.500214e-01 1.300043e+03 2.549594e+02
3.700208e-01 1.350044e+03 2.598162e+02
3.900201e-01 1.500049e+03 2.738703e+02
4.100194e-01 8.500280e+02 2.061621e+02
4.300188e-01 8.000264e+02 2.000066e+02
4.500181e-01 6.500214e+02 1.802835e+02
4.700175e-01 5.000165e+02 1.581191e+02
4.900168e-01 3.500115e+02 1.322919e+02
5.100161e-01 2.000066e+02 1.000033e+02
5.300155e-01 4.000132e+02 1.414260e+02
5.500148e-01 4.000132e+02 1.414260e+02
5.700142e-01 4.500148e+02 1.500049e+02
5.900135e-01 2.500082e+02 1.118071e+02
6.100128e-01 3.000099e+02 1.224785e+02
6.300122e-01 2.500082e+02 1.118071e+02
6.500115e-01 1.500049e+02 8.660539e+01
6.700109e-01 2.500082e+02 1.118071e+02
6.900102e-01 1.000033e+02 7.071301e+01
7.100096e-01 1.000033e+02 7.071301e+01
7.300089e-01 5.000165e+01 5.000165e+01
7.500082e-01 2.000066e+02 1.000033e+02
7.700076e-01 0.000000e+00 0.000000e+00
7.900069e-01 2.000066e+02 1.000033e+02
8.100063e-01 0.000000e+00 0.000000e+00
8.300056e-01 1.000033e+02 7.071301e+01
8.500049e-01 0.000000e+00 0.000000e+00
8.700043e-01 0.000000e+00 0.000000e+00
8.900036e-01 5.000165e+01 5.000165e+01
9.100030e-01 5.000165e+01 5.000165e+01
9.300023e-01 0.000000e+00 0.000000e+00
9.500016e-01 0.000000e+00 0.000000e+00
9.700010e-01 0.000000e+00 0.000000e+00
9.900003e-01 0.000000e+00 0.000000e+00
