1.475894e-01 6.647535e+03 2.340043e+02
2.689878e-01 2.391300e+04 4.438238e+02
3.903862e-01 7.090704e+04 7.642549e+02
5.117846e-01 2.166091e+05 1.335771e+03
6.331829e-01 2.459176e+05 1.423274e+03
7.545813e-01 1.007756e+05 9.111111e+02
8.759797e-01 4.658217e+04 6.194459e+02
9.973781e-01 2.714204e+04 4.728407e+02
1.118776e+00 1.799036e+04 3.849581e+02
1.240175e+00 1.406938e+04 3.404325e+02
1.361573e+00 1.112865e+04 3.027713e+02
1.482972e+00 8.789244e+03 2.690725e+02
1.604370e+00 7.636016e+03 2.507997e+02
1.725768e+00 6.458076e+03 2.306456e+02
1.847167e+00 5.395459e+03 2.108180e+02
1.968565e+00 4.291655e+03 1.880208e+02
2.089964e+00 3.138427e+03 1.607865e+02
2.211362e+00 2.084048e+03 1.310229e+02
2.332760e+00 1.144991e+03 9.711683e+01
2.454159e+00 8.402089e+02 8.319308e+01
2.575557e+00 5.601393e+02 6.792686e+01
2.696955e+00 3.706804e+02 5.525777e+01
2.818354e+00 1.565095e+02 3.590574e+01
2.939752e+00 1.400348e+02 3.396343e+01
3.061151e+00 1.400348e+02 3.396343e+01
3.182549e+00 9.884810e+01 2.853499e+01
3.303947e+00 1.400348e+02 3.396343e+01
3.425346e+00 9.061076e+01 2.732017e+01
3.546744e+00 6.589874e+01 2.329872e+01
3.668142e+00 5.766139e+01 2.179396e+01
3.789541e+00 4.942405e+01 2.017728e+01
3.910939e+00 4.942405e+01 2.017728e+01
4.032338e+00 5.766139e+01 2.179396e+01
4.153736e+00 8.237342e+00 8.237342e+00
4.275134e+00 2.471203e+01 1.426749e+01
4.396533e+00 3.294937e+01 1.647468e+01
4.517931e+00 3.294937e+01 1.647468e+01
4.639330e+00 3.294937e+01 1.647468e+01
4.760728e+00 2.471203e+01 1.426749e+01
4.882126e+00 2.471203e+01 1.426749e+01
5.003525e+00 4.118671e+01 1.841926e+01
5.124923e+00 8.237342e+00 8.237342e+00
5.246321e+00 1.647468e+01 1.164936e+01
5.367720e+00 8.237342e+00 8.237342e+00
5.489118e+00 0.000000e+00 0.000000e+00
5.610517e+00 8.237342e+00 8.237342e+00
5.731915e+00 8.237342e+00 8.237342e+00
5.853313e+00 8.237342e+00 8.237342e+00
5.974712e+00 8.237342e+00 8.237342e+00
6.096110e+00 0.000000e+00 0.000000e+00
