3.524521e+00 2.412560e+03 4.480012e+02
3.536541e+00 3.743628e+03 5.580671e+02
3.548561e+00 4.741929e+03 6.280838e+02
3.560582e+00 6.239380e+03 7.204615e+02
3.572602e+00 7.570447e+03 7.935985e+02
3.584623e+00 8.735131e+03 8.524615e+02
3.596643e+00 1.048216e+04 9.338248e+02
3.608664e+00 1.181323e+04 9.913439e+02
3.620684e+00 1.256195e+04 1.022277e+03
3.632704e+00 1.447536e+04 1.097374e+03
3.644725e+00 1.564004e+04 1.140668e+03
3.656745e+00 1.638877e+04 1.167652e+03
3.668766e+00 1.705430e+04 1.191124e+03
3.680786e+00 1.755345e+04 1.208430e+03
3.692807e+00 1.946686e+04 1.272589e+03
3.704827e+00 2.063155e+04 1.310105e+03
3.716847e+00 2.021559e+04 1.296831e+03
3.728868e+00 2.004921e+04 1.291483e+03
3.740888e+00 2.271134e+04 1.374553e+03
3.752909e+00 2.312730e+04 1.387083e+03
3.764929e+00 2.246177e+04 1.366980e+03
3.776949e+00 2.354326e+04 1.399501e+03
3.788970e+00 2.354326e+04 1.399501e+03
3.800990e+00 2.587263e+04 1.467102e+03
3.813011e+00 2.687093e+04 1.495138e+03
3.825031e+00 2.379283e+04 1.406900e+03
3.837052e+00 2.138027e+04 1.333665e+03
3.849072e+00 2.387603e+04 1.409357e+03
3.861092e+00 2.512390e+04 1.445718e+03
3.873113e+00 2.312730e+04 1.387083e+03
3.885133e+00 2.221219e+04 1.359364e+03
3.897154e+00 2.537348e+04 1.452881e+03
3.909174e+00 2.412560e+04 1.416704e+03
3.921195e+00 2.254496e+04 1.369509e+03
3.933215e+00 2.196262e+04 1.351706e+03
3.945235e+00 2.196262e+04 1.351706e+03
3.957256e+00 2.054836e+04 1.307461e+03
3.969276e+00 1.788622e+04 1.219830e+03
3.981297e+00 1.946686e+04 1.272589e+03
3.993317e+00 1.838537e+04 1.236734e+03
4.005338e+00 1.730388e+04 1.199808e+03
4.017358e+00 1.447536e+04 1.097374e+03
4.029378e+00 1.455855e+04 1.100523e+03
4.041399e+00 1.239557e+04 1.015484e+03
4.053419e+00 1.148046e+04 9.772815e+02
4.065440e+00 9.234282e+03 8.764792e+02
4.077460e+00 8.069598e+03 8.193435e+02
4.089481e+00 6.821722e+03 7.533331e+02
4.101501e+00 4.325970e+03 5.999041e+02
4.113521e+00 3.494053e+03 5.391440e+02
