4.255790e-02 1.684710e+02 6.367604e+01
8.410808e-02 4.091438e+02 9.923194e+01
1.256583e-01 5.535475e+02 1.154226e+02
1.672085e-01 1.083028e+03 1.614482e+02
2.087586e-01 1.732844e+03 2.042177e+02
2.503088e-01 2.286392e+03 2.345788e+02
2.918590e-01 3.369419e+03 2.847679e+02
3.334092e-01 3.802631e+03 3.025210e+02
3.749594e-01 4.813456e+03 3.403628e+02
4.165096e-01 5.174466e+03 3.528956e+02
4.580597e-01 5.800215e+03 3.736247e+02
4.996099e-01 7.123915e+03 4.140692e+02
5.411601e-01 7.749665e+03 4.318719e+02
5.827103e-01 8.038472e+03 4.398456e+02
6.242605e-01 8.953029e+03 4.641929e+02
6.658107e-01 8.279145e+03 4.463816e+02
7.073609e-01 9.265903e+03 4.722342e+02
7.489110e-01 9.867586e+03 4.873253e+02
7.904612e-01 9.915720e+03 4.885125e+02
8.320114e-01 1.001199e+04 4.908782e+02
8.735616e-01 1.008419e+04 4.926450e+02
9.151118e-01 9.795384e+03 4.855391e+02
9.566620e-01 1.001199e+04 4.908782e+02
9.982121e-01 9.145567e+03 4.691577e+02
1.039762e+00 9.386240e+03 4.752907e+02
1.081313e+00 9.602845e+03 4.807436e+02
1.122863e+00 8.255078e+03 4.457323e+02
1.164413e+00 8.423549e+03 4.502576e+02
1.205963e+00 7.075781e+03 4.126679e+02
1.247513e+00 7.051714e+03 4.119655e+02
1.289063e+00 5.848349e+03 3.751718e+02
1.330614e+00 5.150398e+03 3.520740e+02
1.372164e+00 4.717187e+03 3.369419e+02
1.413714e+00 4.139572e+03 3.156394e+02
1.455264e+00 3.465689e+03 2.888074e+02
1.496814e+00 3.369419e+03 2.847679e+02
1.538365e+00 2.719603e+03 2.558387e+02
1.579915e+00 2.912141e+03 2.647401e+02
1.621465e+00 2.069786e+03 2.231908e+02
1.663015e+00 1.901315e+03 2.139147e+02
1.704565e+00 1.468104e+03 1.879715e+02
1.746115e+00 1.155230e+03 1.667430e+02
1.787666e+00 1.371835e+03 1.817040e+02
1.829216e+00 7.942203e+02 1.382560e+02
1.870766e+00 6.738839e+02 1.273521e+02
1.912316e+00 5.294802e+02 1.128856e+02
1.953866e+00 4.572784e+02 1.049068e+02
1.995417e+00 3.369419e+02 9.005152e+01
2.036967e+00 2.166055e+02 7.220185e+01
2.078517e+00 1.203364e+02 5.381608e+01
