1.152034e-01 2.436052e+01 2.436052e+01
1.562534e-01 7.308156e+01 4.219366e+01
1.973035e-01 1.705236e+02 6.445187e+01
2.383535e-01 2.192447e+02 7.308156e+01
2.794035e-01 1.705236e+02 6.445187e+01
3.204536e-01 2.192447e+02 7.308156e+01
3.615036e-01 3.654078e+02 9.434788e+01
4.025536e-01 4.628499e+02 1.061850e+02
4.436036e-01 3.410473e+02 9.114871e+01
4.846537e-01 5.359314e+02 1.142610e+02
5.257037e-01 6.090130e+02 1.218026e+02
5.667537e-01 8.769787e+02 1.461631e+02
6.078038e-01 1.120584e+03 1.652211e+02
6.488538e-01 8.769787e+02 1.461631e+02
6.899038e-01 1.120584e+03 1.652211e+02
7.309538e-01 1.364189e+03 1.822974e+02
7.720039e-01 1.827039e+03 2.109683e+02
8.130539e-01 1.924481e+03 2.165210e+02
8.541039e-01 2.119365e+03 2.272198e+02
8.951540e-01 1.997563e+03 2.205939e+02
9.362040e-01 2.241168e+03 2.336579e+02
9.772540e-01 3.361752e+03 2.861713e+02
1.018304e+00 3.361752e+03 2.861713e+02
1.059354e+00 4.263091e+03 3.222594e+02
1.100404e+00 3.361752e+03 2.861713e+02
1.141454e+00 4.725941e+03 3.393028e+02
1.182504e+00 4.823383e+03 3.427829e+02
1.223554e+00 4.896464e+03 3.453700e+02
1.264604e+00 5.627280e+03 3.702478e+02
1.305654e+00 6.991469e+03 4.126934e+02
1.346704e+00 7.990250e+03 4.411878e+02
1.387754e+00 8.087692e+03 4.438698e+02
1.428804e+00 1.013398e+04 4.968590e+02
1.469854e+00 8.769787e+03 4.622083e+02
1.510904e+00 1.066991e+04 5.098279e+02
1.551954e+00 1.091351e+04 5.156150e+02
1.593004e+00 1.169305e+04 5.337122e+02
1.634054e+00 1.213154e+04 5.436272e+02
1.675105e+00 1.235078e+04 5.485175e+02
1.716155e+00 1.291107e+04 5.608213e+02
1.757205e+00 1.383677e+04 5.805782e+02
1.798255e+00 1.144944e+04 5.281235e+02
1.839305e+00 1.244823e+04 5.506771e+02
1.880355e+00 1.054810e+04 5.069096e+02
1.921405e+00 9.890371e+03 4.908509e+02
1.962455e+00 7.795366e+03 4.357742e+02
2.003505e+00 5.700361e+03 3.726443e+02
2.044555e+00 3.727159e+03 3.013230e+02
2.085605e+00 1.802678e+03 2.095571e+02
2.126655e+00 6.577340e+02 1.265810e+02
