7.910172e-02 2.850254e+02 4.346597e+01
2.299654e-01 3.579389e+02 4.870932e+01
3.808292e-01 5.302799e+02 5.928709e+01
5.316929e-01 6.230788e+02 6.426568e+01
6.825566e-01 7.490203e+02 7.046190e+01
8.334204e-01 8.815903e+02 7.644357e+01
9.842841e-01 1.027417e+03 8.252414e+01
1.135148e+00 1.153359e+03 8.743590e+01
1.286012e+00 1.173244e+03 8.818644e+01
1.436875e+00 1.385356e+03 9.582709e+01
1.587739e+00 1.458270e+03 9.831652e+01
1.738603e+00 1.551069e+03 1.013965e+02
1.889466e+00 1.411870e+03 9.673975e+01
2.040330e+00 1.637239e+03 1.041750e+02
2.191194e+00 1.736667e+03 1.072916e+02
2.342058e+00 1.802952e+03 1.093200e+02
2.492921e+00 1.730038e+03 1.070867e+02
2.643785e+00 1.968664e+03 1.142335e+02
2.794649e+00 2.008435e+03 1.153816e+02
2.945513e+00 1.749924e+03 1.077004e+02
3.096376e+00 1.882494e+03 1.117054e+02
3.247240e+00 1.968664e+03 1.142335e+02
3.398104e+00 1.909008e+03 1.124893e+02
3.548968e+00 1.730038e+03 1.070867e+02
3.699831e+00 1.875865e+03 1.115086e+02
3.850695e+00 2.147633e+03 1.193130e+02
4.001559e+00 2.081348e+03 1.174573e+02
4.152422e+00 1.862608e+03 1.111139e+02
4.303286e+00 1.836094e+03 1.103202e+02
4.454150e+00 1.802952e+03 1.093200e+02
4.605014e+00 1.842723e+03 1.105192e+02
4.755877e+00 1.816209e+03 1.097212e+02
4.906741e+00 1.557697e+03 1.016130e+02
5.057605e+00 1.650496e+03 1.045959e+02
5.208469e+00 1.657125e+03 1.048058e+02
5.359332e+00 1.537812e+03 1.009623e+02
5.510196e+00 1.431756e+03 9.741863e+01
5.661060e+00 1.338957e+03 9.420866e+01
5.811923e+00 1.325700e+03 9.374112e+01
5.962787e+00 1.199758e+03 8.917733e+01
6.113651e+00 1.140102e+03 8.693194e+01
6.264515e+00 1.020789e+03 8.225750e+01
6.415378e+00 9.412468e+02 7.898767e+01
6.566242e+00 8.418193e+02 7.469938e+01
6.717106e+00 7.225063e+02 6.920356e+01
6.867970e+00 5.965649e+02 6.288346e+01
7.018833e+00 4.573664e+02 5.506044e+01
7.169697e+00 3.977099e+02 5.134413e+01
7.320561e+00 2.916539e+02 4.396848e+01
7.471425e+00 1.922265e+02 3.569556e+01
