1.093118e-02 1.435347e+03 2.929890e+02
2.765187e-02 7.236543e+03 6.578675e+02
4.437256e-02 1.202103e+04 8.478984e+02
6.109325e-02 1.220045e+04 8.542025e+02
7.781394e-02 1.124355e+04 8.200205e+02
9.453463e-02 1.321716e+04 8.890822e+02
1.112553e-01 1.447309e+04 9.303652e+02
1.279760e-01 1.513095e+04 9.512749e+02
1.446967e-01 1.291813e+04 8.789671e+02
1.614174e-01 1.405444e+04 9.168108e+02
1.781381e-01 1.321716e+04 8.890822e+02
1.948588e-01 1.333677e+04 8.930961e+02
2.115795e-01 1.501134e+04 9.475074e+02
2.283002e-01 1.333677e+04 8.930961e+02
2.450209e-01 1.477212e+04 9.399273e+02
2.617415e-01 1.542998e+04 9.606288e+02
2.784622e-01 1.537018e+04 9.587653e+02
2.951829e-01 1.560940e+04 9.661977e+02
3.119036e-01 1.584863e+04 9.735734e+02
3.286243e-01 1.483192e+04 9.418280e+02
3.453450e-01 1.548979e+04 9.624887e+02
3.620657e-01 1.465250e+04 9.361141e+02
3.787864e-01 1.507115e+04 9.493930e+02
3.955071e-01 1.495153e+04 9.456181e+02
4.122278e-01 1.519076e+04 9.531530e+02
4.289485e-01 1.471231e+04 9.380226e+02
4.456692e-01 1.447309e+04 9.303652e+02
4.623898e-01 1.578882e+04 9.717347e+02
4.791105e-01 1.327696e+04 8.910914e+02
4.958312e-01 1.387502e+04 9.109400e+02
5.125519e-01 1.453289e+04 9.322854e+02
5.292726e-01 1.148278e+04 8.286982e+02
5.459933e-01 1.339658e+04 8.950963e+02
5.627140e-01 1.154258e+04 8.308534e+02
5.794347e-01 1.154258e+04 8.308534e+02
5.961554e-01 1.220045e+04 8.542025e+02
6.128761e-01 1.022685e+04 7.820667e+02
6.295968e-01 1.220045e+04 8.542025e+02
6.463175e-01 1.184162e+04 8.415470e+02
6.630381e-01 1.046607e+04 7.911609e+02
6.797588e-01 1.082491e+04 8.046093e+02
6.964795e-01 9.090533e+03 7.373396e+02
7.132002e-01 7.834604e+03 6.845125e+02
7.299209e-01 8.970921e+03 7.324726e+02
7.466416e-01 7.176737e+03 6.551434e+02
7.633623e-01 8.791502e+03 7.251109e+02
7.800830e-01 6.459063e+03 6.215236e+02
7.968037e-01 4.724685e+03 5.315686e+02
8.135244e-01 4.007011e+03 4.895343e+02
8.302451e-01 2.511858e+03 3.875881e+02
