1.188418e+00 2.872181e+01 1.436091e+01
1.327685e+00 3.877445e+02 5.276534e+01
1.466952e+00 1.242218e+03 9.444412e+01
1.606219e+00 2.786016e+03 1.414385e+02
1.745486e+00 4.236467e+03 1.744126e+02
1.884753e+00 6.957859e+03 2.235186e+02
2.024020e+00 9.155078e+03 2.563935e+02
2.163287e+00 1.218523e+04 2.957963e+02
2.302554e+00 1.387264e+04 3.156134e+02
2.441821e+00 1.661557e+04 3.454089e+02
2.581088e+00 2.047147e+04 3.833986e+02
2.720355e+00 2.052892e+04 3.839361e+02
2.859622e+00 2.389655e+04 4.142319e+02
2.998889e+00 2.654614e+04 4.365928e+02
3.138156e+00 2.509568e+04 4.244978e+02
3.277423e+00 2.830535e+04 4.508273e+02
3.416690e+00 2.826944e+04 4.505413e+02
3.555957e+00 2.903057e+04 4.565662e+02
3.695224e+00 2.862129e+04 4.533363e+02
3.834491e+00 2.846332e+04 4.520835e+02
3.973758e+00 2.847050e+04 4.521405e+02
4.113025e+00 2.860693e+04 4.532226e+02
4.252291e+00 2.750114e+04 4.443767e+02
4.391558e+00 2.722110e+04 4.421084e+02
4.530825e+00 2.489463e+04 4.227940e+02
4.670092e+00 2.417659e+04 4.166519e+02
4.809359e+00 2.376012e+04 4.130477e+02
4.948626e+00 2.108899e+04 3.891382e+02
5.087893e+00 2.089512e+04 3.873454e+02
5.227160e+00 1.865482e+04 3.659919e+02
5.366427e+00 1.787933e+04 3.583039e+02
5.505694e+00 1.653658e+04 3.445870e+02
5.644961e+00 1.582572e+04 3.370991e+02
5.784228e+00 1.392290e+04 3.161846e+02
5.923495e+00 1.191955e+04 2.925539e+02
6.062762e+00 1.191237e+04 2.924658e+02
6.202029e+00 9.715153e+03 2.641197e+02
6.341296e+00 9.212521e+03 2.571966e+02
6.480563e+00 8.688348e+03 2.497725e+02
6.619830e+00 6.268536e+03 2.121578e+02
6.759097e+00 4.889889e+03 1.873809e+02
6.898364e+00 4.573949e+03 1.812264e+02
7.037631e+00 4.049776e+03 1.705263e+02
7.176898e+00 2.951166e+03 1.455703e+02
7.316165e+00 2.513159e+03 1.343340e+02
7.455432e+00 2.218760e+03 1.262208e+02
7.594699e+00 1.400188e+03 1.002696e+02
7.733966e+00 7.467671e+02 7.322654e+01
7.873233e+00 6.606017e+02 6.887249e+01
8.012500e+00 1.723309e+02 3.517689e+01
