1.592045e-01 1.105525e+04 5.375249e+02
1.974668e-01 1.251883e+04 5.720001e+02
2.357292e-01 1.066322e+04 5.279083e+02
2.739915e-01 1.071549e+04 5.292006e+02
3.122539e-01 9.670081e+03 5.027236e+02
3.505162e-01 7.814471e+03 4.519225e+02
3.887786e-01 7.683794e+03 4.481280e+02
4.270409e-01 7.892877e+03 4.541840e+02
4.653033e-01 7.657659e+03 4.473652e+02
5.035656e-01 5.854319e+03 3.911582e+02
5.418280e-01 5.697507e+03 3.858839e+02
5.800903e-01 4.077115e+03 3.264305e+02
6.183527e-01 3.737356e+03 3.125334e+02
6.566150e-01 4.233927e+03 3.326487e+02
6.948773e-01 3.580543e+03 3.059065e+02
7.331397e-01 2.848754e+03 2.728611e+02
7.714020e-01 2.508994e+03 2.560731e+02
8.096644e-01 2.613535e+03 2.613535e+02
8.479267e-01 1.777204e+03 2.155176e+02
8.861891e-01 1.411309e+03 1.920548e+02
9.244514e-01 1.515851e+03 1.990409e+02
9.627138e-01 1.515851e+03 1.990409e+02
1.000976e+00 1.097685e+03 1.693764e+02
1.039238e+00 1.019279e+03 1.632152e+02
1.077501e+00 1.019279e+03 1.632152e+02
1.115763e+00 1.228362e+03 1.791750e+02
1.154026e+00 1.176091e+03 1.753213e+02
1.192288e+00 1.202226e+03 1.772586e+02
1.230550e+00 1.646527e+03 2.074429e+02
1.268813e+00 1.411309e+03 1.920548e+02
1.307075e+00 2.038558e+03 2.308212e+02
1.345337e+00 2.064693e+03 2.322961e+02
1.383600e+00 2.718077e+03 2.665294e+02
1.421862e+00 2.561265e+03 2.587268e+02
1.460124e+00 2.273776e+03 2.437743e+02
1.498387e+00 2.691941e+03 2.652449e+02
1.536649e+00 4.233927e+03 3.326487e+02
1.574911e+00 4.207792e+03 3.316205e+02
1.613174e+00 5.305477e+03 3.723715e+02
1.651436e+00 5.383883e+03 3.751129e+02
1.689698e+00 6.272485e+03 4.048872e+02
1.727961e+00 7.082681e+03 4.302422e+02
1.766223e+00 7.422440e+03 4.404408e+02
1.804485e+00 7.579253e+03 4.450690e+02
1.842748e+00 9.670081e+03 5.027236e+02
1.881010e+00 9.879164e+03 5.081293e+02
1.919272e+00 1.097685e+04 5.356154e+02
1.957535e+00 1.074163e+04 5.298456e+02
1.995797e+00 1.215294e+04 5.635791e+02
2.034060e+00 9.225780e+03 4.910387e+02
