1.532561e-01 7.325141e+02 7.992384e+01
2.679296e-01 2.337069e+03 1.427592e+02
3.826032e-01 6.583906e+03 2.396129e+02
4.972768e-01 1.894944e+04 4.065056e+02
6.119503e-01 2.719022e+04 4.869392e+02
7.266239e-01 1.300212e+04 3.367251e+02
8.412974e-01 5.589780e+03 2.207830e+02
9.559710e-01 2.991099e+03 1.615042e+02
1.070645e+00 2.005693e+03 1.322515e+02
1.185318e+00 1.517351e+03 1.150301e+02
1.299992e+00 1.334222e+03 1.078655e+02
1.414665e+00 1.090051e+03 9.749710e+01
1.529339e+00 8.197181e+02 8.454747e+01
1.644012e+00 6.714712e+02 7.652125e+01
1.758686e+00 6.540304e+02 7.552093e+01
1.873360e+00 5.493856e+02 6.921607e+01
1.988033e+00 3.226550e+02 5.304416e+01
2.102707e+00 3.052142e+02 5.159062e+01
2.217380e+00 1.744081e+02 3.899884e+01
2.332054e+00 6.976325e+01 2.466503e+01
2.446727e+00 7.848365e+01 2.616122e+01
2.561401e+00 4.360203e+01 1.949942e+01
2.676074e+00 8.720406e+00 8.720406e+00
2.790748e+00 2.616122e+01 1.510419e+01
2.905422e+00 8.720406e+00 8.720406e+00
3.020095e+00 0.000000e+00 0.000000e+00
3.134769e+00 8.720406e+00 8.720406e+00
3.249442e+00 0.000000e+00 0.000000e+00
3.364116e+00 0.000000e+00 0.000000e+00
3.478789e+00 8.720406e+00 8.720406e+00
3.593463e+00 8.720406e+00 8.720406e+00
3.708137e+00 1.744081e+01 1.233252e+01
3.822810e+00 0.000000e+00 0.000000e+00
3.937484e+00 2.616122e+01 1.510419e+01
4.052157e+00 8.720406e+00 8.720406e+00
4.166831e+00 8.720406e+00 8.720406e+00
4.281504e+00 8.720406e+00 8.720406e+00
4.396178e+00 0.000000e+00 0.000000e+00
4.510851e+00 0.000000e+00 0.000000e+00
4.625525e+00 0.000000e+00 0.000000e+00
4.740199e+00 8.720406e+00 8.720406e+00
4.854872e+00 8.720406e+00 8.720406e+00
4.969546e+00 0.000000e+00 0.000000e+00
5.084219e+00 8.720406e+00 8.720406e+00
5.198893e+00 0.000000e+00 0.000000e+00
5.313566e+00 0.000000e+00 0.000000e+00
5.428240e+00 8.720406e+00 8.720406e+00
5.542914e+00 8.720406e+00 8.720406e+00
5.657587e+00 0.000000e+00 0.000000e+00
5.772261e+00 0.000000e+00 0.000000e+00
