9.399264e-03 4.281194e+04 1.511742e+03
2.813236e-02 3.507162e+04 1.368274e+03
4.686545e-02 2.829218e+04 1.228934e+03
6.559855e-02 2.589001e+04 1.175605e+03
8.433164e-02 2.028496e+04 1.040596e+03
1.030647e-01 2.039172e+04 1.043331e+03
1.217978e-01 1.798955e+04 9.799534e+02
1.405309e-01 1.852337e+04 9.943865e+02
1.592640e-01 1.777603e+04 9.741203e+02
1.779971e-01 1.494681e+04 8.932428e+02
1.967302e-01 1.419947e+04 8.706254e+02
2.154633e-01 1.302508e+04 8.338451e+02
2.341964e-01 1.355889e+04 8.507606e+02
2.529295e-01 1.201083e+04 8.007220e+02
2.716626e-01 1.249126e+04 8.165794e+02
2.903957e-01 1.014248e+04 7.358127e+02
3.091288e-01 1.014248e+04 7.358127e+02
3.278619e-01 1.126349e+04 7.754106e+02
3.465950e-01 1.040939e+04 7.454316e+02
3.653280e-01 9.234994e+03 7.021236e+02
3.840611e-01 9.181612e+03 7.000914e+02
4.027942e-01 9.822190e+03 7.241014e+02
4.215273e-01 8.220746e+03 6.624466e+02
4.402604e-01 8.380890e+03 6.688678e+02
4.589935e-01 8.807942e+03 6.856973e+02
4.777266e-01 8.007220e+03 6.537868e+02
4.964597e-01 8.541034e+03 6.752281e+02
5.151928e-01 8.647797e+03 6.794351e+02
5.339259e-01 7.206498e+03 6.202366e+02
5.526590e-01 7.313261e+03 6.248140e+02
5.713921e-01 6.565920e+03 5.920291e+02
5.901252e-01 6.726065e+03 5.992055e+02
6.088583e-01 5.978724e+03 5.649363e+02
6.275914e-01 6.619302e+03 5.944308e+02
6.463245e-01 6.992972e+03 6.109788e+02
6.650575e-01 5.551672e+03 5.443863e+02
6.837906e-01 5.658435e+03 5.495958e+02
7.025237e-01 5.551672e+03 5.443863e+02
7.212568e-01 4.270517e+03 4.774583e+02
7.399899e-01 5.284765e+03 5.311389e+02
7.587230e-01 3.896847e+03 4.560914e+02
7.774561e-01 4.217136e+03 4.744648e+02
7.961892e-01 5.017858e+03 5.175525e+02
8.149223e-01 4.644187e+03 4.979092e+02
8.336554e-01 3.683321e+03 4.434198e+02
8.523885e-01 2.669073e+03 3.774640e+02
8.711216e-01 2.882599e+03 3.922721e+02
8.898547e-01 2.455547e+03 3.620507e+02
9.085878e-01 1.708207e+03 3.019712e+02
9.273209e-01 8.007220e+02 2.067455e+02
