3.950044e-01 1.269601e+01 8.977431e+00
5.525343e-01 1.523521e+02 3.109873e+01
7.100641e-01 3.935762e+02 4.998422e+01
8.675940e-01 1.250557e+03 8.909846e+01
1.025124e+00 2.977213e+03 1.374749e+02
1.182654e+00 4.729262e+03 1.732668e+02
1.340184e+00 6.474963e+03 2.027389e+02
1.497713e+00 6.728883e+03 2.066760e+02
1.655243e+00 6.443223e+03 2.022414e+02
1.812773e+00 5.294234e+03 1.833243e+02
1.970303e+00 4.272206e+03 1.646814e+02
2.127833e+00 3.427921e+03 1.475142e+02
2.285363e+00 2.742337e+03 1.319408e+02
2.442893e+00 2.240845e+03 1.192681e+02
2.600423e+00 1.891705e+03 1.095835e+02
2.757952e+00 1.536217e+03 9.875174e+01
2.915482e+00 1.345777e+03 9.242831e+01
3.073012e+00 1.250557e+03 8.909846e+01
3.230542e+00 1.053768e+03 8.178829e+01
3.388072e+00 9.648964e+02 7.826343e+01
3.545602e+00 8.569803e+02 7.375712e+01
3.703132e+00 6.665403e+02 6.504767e+01
3.860661e+00 6.538443e+02 6.442519e+01
4.018191e+00 5.522762e+02 5.921023e+01
4.175721e+00 7.109763e+02 6.718094e+01
4.333251e+00 5.713202e+02 6.022244e+01
4.490781e+00 3.808802e+02 4.917142e+01
4.648311e+00 3.300961e+02 4.577610e+01
4.805841e+00 3.935762e+02 4.998422e+01
4.963371e+00 3.427921e+02 4.664810e+01
5.120900e+00 2.920081e+02 4.305425e+01
5.278430e+00 2.602681e+02 4.064705e+01
5.435960e+00 2.602681e+02 4.064705e+01
5.593490e+00 2.221801e+02 3.755529e+01
5.751020e+00 2.348761e+02 3.861339e+01
5.908550e+00 2.602681e+02 4.064705e+01
6.066080e+00 1.587001e+02 3.174001e+01
6.223609e+00 2.412241e+02 3.913172e+01
6.381139e+00 1.587001e+02 3.174001e+01
6.538669e+00 1.206120e+02 2.767030e+01
6.696199e+00 1.015680e+02 2.539201e+01
6.853729e+00 1.015680e+02 2.539201e+01
7.011259e+00 8.252403e+01 2.288805e+01
7.168789e+00 8.252403e+01 2.288805e+01
7.326319e+00 7.617603e+01 2.199013e+01
7.483848e+00 6.348003e+01 2.007415e+01
7.641378e+00 3.174001e+01 1.419457e+01
7.798908e+00 3.808802e+01 1.554937e+01
7.956438e+00 3.808802e+01 1.554937e+01
8.113968e+00 6.348003e+00 6.348003e+00
