1.004983e-02 1.323567e+05 2.572580e+03
3.004882e-02 6.910348e+04 1.858857e+03
5.004781e-02 5.140259e+04 1.603203e+03
7.004681e-02 3.500176e+04 1.322942e+03
9.004580e-02 2.830142e+04 1.189598e+03
1.100448e-01 2.390120e+04 1.093216e+03
1.300438e-01 1.845093e+04 9.605170e+02
1.500428e-01 1.605081e+04 8.958687e+02
1.700418e-01 1.430072e+04 8.456193e+02
1.900408e-01 1.370069e+04 8.276889e+02
2.100398e-01 1.190060e+04 7.714013e+02
2.300388e-01 9.550481e+03 6.910485e+02
2.500377e-01 9.250466e+03 6.801078e+02
2.700367e-01 8.700438e+03 6.595785e+02
2.900357e-01 7.900398e+03 6.285219e+02
3.100347e-01 7.350370e+03 6.062483e+02
3.300337e-01 6.700337e+03 5.788210e+02
3.500327e-01 4.850244e+03 4.924677e+02
3.700317e-01 3.950199e+03 4.444321e+02
3.900307e-01 3.450174e+03 4.153521e+02
4.100297e-01 2.950148e+03 3.840766e+02
4.300287e-01 2.400121e+03 3.464276e+02
4.500277e-01 1.950098e+03 3.122656e+02
4.700267e-01 1.450073e+03 2.692718e+02
4.900257e-01 1.500075e+03 2.738751e+02
5.100247e-01 1.400070e+03 2.645884e+02
5.300237e-01 1.150058e+03 2.398036e+02
5.500226e-01 1.450073e+03 2.692718e+02
5.700216e-01 1.100055e+03 2.345326e+02
5.900206e-01 7.500377e+02 1.936589e+02
6.100196e-01 7.500377e+02 1.936589e+02
6.300186e-01 6.500327e+02 1.802866e+02
6.500176e-01 1.000050e+03 2.236181e+02
6.700166e-01 7.000352e+02 1.870923e+02
6.900156e-01 5.500277e+02 1.658396e+02
7.100146e-01 6.000302e+02 1.732138e+02
7.300136e-01 4.500226e+02 1.500075e+02
7.500126e-01 5.000252e+02 1.581218e+02
7.700116e-01 2.500126e+02 1.118090e+02
7.900106e-01 2.500126e+02 1.118090e+02
8.100096e-01 4.500226e+02 1.500075e+02
8.300086e-01 3.000151e+02 1.224807e+02
8.500075e-01 2.500126e+02 1.118090e+02
8.700065e-01 1.500075e+02 8.660690e+01
8.900055e-01 1.000050e+02 7.071424e+01
9.100045e-01 5.000252e+01 5.000252e+01
9.300035e-01 5.000252e+01 5.000252e+01
9.500025e-01 1.000050e+02 7.071424e+01
9.700015e-01 1.000050e+02 7.071424e+01
9.900005e-01 5.000252e+01 5.000252e+01
