3.406889e+00 6.843358e+01 6.843358e+01
3.421502e+00 2.053008e+02 1.185304e+02
3.436114e+00 4.790351e+02 1.810582e+02
3.450727e+00 1.710840e+03 3.421679e+02
3.465340e+00 2.053008e+03 3.748262e+02
3.479953e+00 3.079511e+03 4.590664e+02
3.494565e+00 3.558546e+03 4.934816e+02
3.509178e+00 4.311316e+03 5.431747e+02
3.523791e+00 4.790351e+03 5.725564e+02
3.538403e+00 5.269386e+03 6.005023e+02
3.553016e+00 7.938296e+03 7.370523e+02
3.567629e+00 6.980226e+03 6.911453e+02
3.582241e+00 9.786003e+03 8.183467e+02
3.596854e+00 9.717569e+03 8.154803e+02
3.611467e+00 1.040190e+04 8.437059e+02
3.626080e+00 1.108624e+04 8.710173e+02
3.640692e+00 1.300238e+04 9.432919e+02
3.655305e+00 1.348142e+04 9.605111e+02
3.669918e+00 1.313925e+04 9.482436e+02
3.684530e+00 1.505539e+04 1.015034e+03
3.699143e+00 1.368672e+04 9.677970e+02
3.713756e+00 1.409732e+04 9.822067e+02
3.728369e+00 1.635563e+04 1.057958e+03
3.742981e+00 1.573972e+04 1.037847e+03
3.757594e+00 1.765586e+04 1.099206e+03
3.772207e+00 1.779273e+04 1.103458e+03
3.786819e+00 2.210405e+04 1.229902e+03
3.801432e+00 1.779273e+04 1.103458e+03
3.816045e+00 2.032477e+04 1.179363e+03
3.830658e+00 2.237778e+04 1.237494e+03
3.845270e+00 2.183031e+04 1.222263e+03
3.859883e+00 2.059851e+04 1.187278e+03
3.874496e+00 2.169345e+04 1.218425e+03
3.889108e+00 2.217248e+04 1.231805e+03
3.903721e+00 2.217248e+04 1.231805e+03
3.918334e+00 2.374645e+04 1.274776e+03
3.932946e+00 2.456766e+04 1.296631e+03
3.947559e+00 2.319899e+04 1.259996e+03
3.962172e+00 2.388332e+04 1.278445e+03
3.976785e+00 2.579946e+04 1.328740e+03
3.991397e+00 2.627850e+04 1.341019e+03
4.006010e+00 2.436236e+04 1.291202e+03
4.020623e+00 2.319899e+04 1.259996e+03
4.035235e+00 2.395175e+04 1.280275e+03
4.049848e+00 2.484139e+04 1.303835e+03
4.064461e+00 1.485009e+04 1.008090e+03
4.079074e+00 1.779273e+03 3.489442e+02
4.093686e+00 9.580702e+02 2.560550e+02
4.108299e+00 3.421679e+02 1.530221e+02
4.122912e+00 0.000000e+00 0.000000e+00
