6.321398e-02 2.355648e+01 2.355648e+01
1.056651e-01 1.177824e+02 5.267389e+01
1.481163e-01 1.413389e+02 5.770136e+01
1.905675e-01 3.533472e+02 9.123386e+01
2.330186e-01 3.769037e+02 9.422593e+01
2.754698e-01 7.302509e+02 1.311569e+02
3.179209e-01 1.154268e+03 1.648954e+02
3.603721e-01 1.507615e+03 1.884519e+02
4.028233e-01 1.955188e+03 2.146098e+02
4.452744e-01 2.072970e+03 2.209794e+02
4.877256e-01 2.567656e+03 2.459369e+02
5.301768e-01 3.038786e+03 2.675502e+02
5.726279e-01 3.557029e+03 2.894669e+02
6.150791e-01 3.792593e+03 2.988982e+02
6.575302e-01 3.933932e+03 3.044168e+02
6.999814e-01 4.240167e+03 3.160434e+02
7.424326e-01 4.687740e+03 3.323051e+02
7.848837e-01 5.959790e+03 3.746888e+02
8.273349e-01 6.430919e+03 3.892169e+02
8.697861e-01 6.760710e+03 3.990721e+02
9.122372e-01 6.642928e+03 3.955806e+02
9.546884e-01 6.619371e+03 3.948786e+02
9.971395e-01 7.726526e+03 4.266260e+02
1.039591e+00 7.679413e+03 4.253233e+02
1.082042e+00 8.315438e+03 4.425861e+02
1.124493e+00 9.516818e+03 4.734794e+02
1.166944e+00 8.433220e+03 4.457095e+02
1.209395e+00 8.927906e+03 4.585957e+02
1.251847e+00 8.480333e+03 4.469528e+02
1.294298e+00 9.375480e+03 4.699503e+02
1.336749e+00 9.681714e+03 4.775637e+02
1.379200e+00 8.715898e+03 4.531180e+02
1.421651e+00 8.857237e+03 4.567771e+02
1.464102e+00 8.197655e+03 4.394405e+02
1.506553e+00 7.844308e+03 4.298654e+02
1.549005e+00 7.962091e+03 4.330806e+02
1.591456e+00 7.820752e+03 4.292195e+02
1.633907e+00 6.642928e+03 3.955806e+02
1.676358e+00 5.865564e+03 3.717150e+02
1.718809e+00 5.559330e+03 3.618815e+02
1.761260e+00 4.852635e+03 3.380991e+02
1.803712e+00 4.381506e+03 3.212676e+02
1.846163e+00 3.957489e+03 3.053269e+02
1.888614e+00 3.274351e+03 2.777268e+02
1.931065e+00 2.214309e+03 2.283886e+02
1.973516e+00 1.696067e+03 1.998834e+02
2.015967e+00 1.389832e+03 1.809408e+02
2.058419e+00 8.480333e+02 1.413389e+02
2.100870e+00 5.653556e+02 1.154027e+02
2.143321e+00 9.422593e+01 4.711296e+01
