9.298287e-02 9.642421e+01 4.821211e+01
1.344662e-01 2.410605e+02 7.623003e+01
1.759496e-01 3.856968e+02 9.642421e+01
2.174329e-01 6.990755e+02 1.298151e+02
2.589163e-01 6.749695e+02 1.275572e+02
3.003997e-01 9.160300e+02 1.485997e+02
3.418830e-01 1.012454e+03 1.562251e+02
3.833664e-01 1.928484e+03 2.156111e+02
4.248497e-01 1.735636e+03 2.045466e+02
4.663331e-01 2.410605e+03 2.410605e+02
5.078164e-01 2.555242e+03 2.481870e+02
5.492998e-01 2.916832e+03 2.651666e+02
5.907832e-01 2.916832e+03 2.651666e+02
6.322665e-01 3.495378e+03 2.902753e+02
6.737499e-01 4.049817e+03 3.124502e+02
7.152332e-01 4.242665e+03 3.198029e+02
7.567166e-01 5.134589e+03 3.518163e+02
7.981999e-01 5.086377e+03 3.501606e+02
8.396833e-01 6.629165e+03 3.997537e+02
8.811667e-01 6.580952e+03 3.982974e+02
9.226500e-01 6.677377e+03 4.012047e+02
9.641334e-01 7.569301e+03 4.271603e+02
1.005617e+00 8.220164e+03 4.451468e+02
1.047100e+00 8.244270e+03 4.457991e+02
1.088583e+00 8.196058e+03 4.444937e+02
1.130067e+00 8.437119e+03 4.509830e+02
1.171550e+00 8.702285e+03 4.580150e+02
1.213034e+00 8.991558e+03 4.655652e+02
1.254517e+00 8.750497e+03 4.592820e+02
1.296000e+00 9.280830e+03 4.729949e+02
1.337484e+00 9.329043e+03 4.742219e+02
1.378967e+00 8.967452e+03 4.649407e+02
1.420450e+00 9.280830e+03 4.729949e+02
1.461934e+00 8.123740e+03 4.425283e+02
1.503417e+00 7.593407e+03 4.278400e+02
1.544900e+00 8.316588e+03 4.477501e+02
1.586384e+00 7.376452e+03 4.216837e+02
1.627867e+00 7.352346e+03 4.209941e+02
1.669350e+00 6.436316e+03 3.938962e+02
1.710834e+00 6.243468e+03 3.879502e+02
1.752317e+00 5.327438e+03 3.583622e+02
1.793801e+00 5.158695e+03 3.526412e+02
1.835284e+00 3.350741e+03 2.842062e+02
1.876767e+00 3.664120e+03 2.971994e+02
1.918251e+00 2.723984e+03 2.562509e+02
1.959734e+00 2.193651e+03 2.299571e+02
2.001217e+00 1.084772e+03 1.617083e+02
2.042701e+00 1.084772e+03 1.617083e+02
2.084184e+00 3.856968e+02 9.642421e+01
2.125667e+00 2.651666e+02 7.995073e+01
