8.153908e-02 1.857863e+03 1.070854e+02
2.435532e-01 1.925758e+03 1.090246e+02
4.055673e-01 2.067721e+03 1.129717e+02
5.675815e-01 1.925758e+03 1.090246e+02
7.295956e-01 1.851690e+03 1.069074e+02
8.916097e-01 1.968964e+03 1.102408e+02
1.053624e+00 2.160305e+03 1.154732e+02
1.215638e+00 1.962792e+03 1.100679e+02
1.377652e+00 1.907241e+03 1.084992e+02
1.539666e+00 1.870207e+03 1.074406e+02
1.701680e+00 1.907241e+03 1.084992e+02
1.863694e+00 1.901069e+03 1.083234e+02
2.025709e+00 1.771450e+03 1.045654e+02
2.187723e+00 1.851690e+03 1.069074e+02
2.349737e+00 1.672694e+03 1.016089e+02
2.511751e+00 1.623315e+03 1.000979e+02
2.673765e+00 1.746761e+03 1.038342e+02
2.835779e+00 1.808484e+03 1.056528e+02
2.997793e+00 1.685038e+03 1.019832e+02
3.159807e+00 1.752934e+03 1.040175e+02
3.321822e+00 1.388768e+03 9.258452e+01
3.483836e+00 1.765278e+03 1.043831e+02
3.645850e+00 1.431974e+03 9.401369e+01
3.807864e+00 1.277666e+03 8.880395e+01
3.969878e+00 1.475180e+03 9.542146e+01
4.131892e+00 1.228288e+03 8.707103e+01
4.293906e+00 1.277666e+03 8.880395e+01
4.455920e+00 1.203599e+03 8.619150e+01
4.617935e+00 1.024602e+03 7.952454e+01
4.779949e+00 1.209771e+03 8.641222e+01
4.941963e+00 1.073980e+03 8.141825e+01
5.103977e+00 1.055464e+03 8.071331e+01
5.265991e+00 1.129531e+03 8.349735e+01
5.428005e+00 9.937405e+02 7.831772e+01
5.590019e+00 8.394330e+02 7.198078e+01
5.752033e+00 7.900546e+02 6.983162e+01
5.914048e+00 8.826391e+02 7.380999e+01
6.076062e+00 6.542639e+02 6.354773e+01
6.238076e+00 6.789531e+02 6.473564e+01
6.400090e+00 5.987132e+02 6.079012e+01
6.562104e+00 4.814395e+02 5.451229e+01
6.724118e+00 4.011996e+02 4.976268e+01
6.886132e+00 3.703381e+02 4.781044e+01
7.048146e+00 3.271320e+02 4.493503e+01
7.210161e+00 2.715813e+02 4.094242e+01
7.372175e+00 2.530644e+02 3.952201e+01
7.534189e+00 1.913413e+02 3.436592e+01
7.696203e+00 1.357906e+02 2.895066e+01
7.858217e+00 6.789531e+01 2.047121e+01
8.020231e+00 1.851690e+01 1.069074e+01
