1.783139e-02 2.949944e+02 1.319255e+02
3.478086e-02 6.489876e+02 1.956771e+02
5.173034e-02 5.899888e+02 1.865708e+02
6.867981e-02 1.356974e+03 2.829487e+02
8.562929e-02 1.769966e+03 3.231502e+02
1.025788e-01 1.415973e+03 2.890343e+02
1.195282e-01 3.067942e+03 4.254469e+02
1.364777e-01 2.241957e+03 3.636935e+02
1.534272e-01 3.362936e+03 4.454317e+02
1.703767e-01 3.185939e+03 4.335514e+02
1.873261e-01 3.598931e+03 4.607960e+02
2.042756e-01 4.011924e+03 4.865172e+02
2.212251e-01 4.365917e+03 5.075275e+02
2.381746e-01 5.132902e+03 5.503049e+02
2.551240e-01 4.896907e+03 5.375053e+02
2.720735e-01 6.076884e+03 5.987732e+02
2.890230e-01 6.194882e+03 6.045586e+02
3.059725e-01 5.604893e+03 5.750499e+02
3.229219e-01 6.548875e+03 6.215917e+02
3.398714e-01 7.610855e+03 6.700984e+02
3.568209e-01 7.138864e+03 6.489876e+02
3.737704e-01 7.787852e+03 6.778455e+02
3.907198e-01 8.849831e+03 7.225857e+02
4.076693e-01 9.852812e+03 7.624335e+02
4.246188e-01 9.026828e+03 7.297758e+02
4.415683e-01 1.008881e+04 7.715104e+02
4.585177e-01 1.144578e+04 8.217593e+02
4.754672e-01 1.050180e+04 7.871432e+02
4.924167e-01 1.185877e+04 8.364534e+02
5.093662e-01 1.191777e+04 8.385316e+02
5.263156e-01 1.321575e+04 8.830143e+02
5.432651e-01 1.404173e+04 9.101903e+02
5.602146e-01 1.581170e+04 9.658532e+02
5.771641e-01 1.587070e+04 9.676535e+02
5.941136e-01 1.486772e+04 9.365781e+02
6.110630e-01 1.528071e+04 9.494971e+02
6.280125e-01 1.769966e+04 1.021891e+03
6.449620e-01 1.870264e+04 1.050445e+03
6.619115e-01 1.811266e+04 1.033744e+03
6.788609e-01 2.112160e+04 1.116311e+03
6.958104e-01 2.348155e+04 1.177024e+03
7.127599e-01 2.389454e+04 1.187329e+03
7.297094e-01 2.542852e+04 1.224849e+03
7.466588e-01 2.867345e+04 1.300654e+03
7.636083e-01 3.262638e+04 1.387415e+03
7.805578e-01 3.433735e+04 1.423329e+03
7.975073e-01 3.722829e+04 1.482035e+03
8.144567e-01 3.516333e+04 1.440346e+03
8.314062e-01 1.303875e+04 8.770814e+02
8.483557e-01 8.849831e+02 2.285017e+02
