1.597482e-01 1.276588e+04 5.652827e+02
1.996985e-01 1.206501e+04 5.495461e+02
2.396487e-01 1.251557e+04 5.597132e+02
2.795989e-01 1.131407e+04 5.321693e+02
3.195492e-01 1.003749e+04 5.012481e+02
3.594994e-01 9.887299e+03 4.974840e+02
3.994497e-01 8.936116e+03 4.729494e+02
4.393999e-01 7.884808e+03 4.442586e+02
4.793502e-01 6.583189e+03 4.059368e+02
5.193004e-01 6.733376e+03 4.105412e+02
5.592506e-01 5.481819e+03 3.704270e+02
5.992009e-01 4.430511e+03 3.330176e+02
6.391511e-01 3.354172e+03 2.897564e+02
6.791014e-01 2.878581e+03 2.684290e+02
7.190516e-01 2.628269e+03 2.564928e+02
7.590019e-01 2.227771e+03 2.361433e+02
7.989521e-01 1.952429e+03 2.210690e+02
8.389023e-01 1.026277e+03 1.602775e+02
8.788526e-01 1.076339e+03 1.641401e+02
9.188028e-01 4.755916e+02 1.091082e+02
9.587531e-01 6.508096e+02 1.276343e+02
9.987033e-01 2.002491e+02 7.079875e+01
1.038654e+00 1.501868e+02 6.131351e+01
1.078604e+00 7.509341e+01 4.335520e+01
1.118554e+00 0.000000e+00 0.000000e+00
1.158504e+00 2.503114e+01 2.503114e+01
1.198455e+00 1.001245e+02 5.006227e+01
1.238405e+00 7.509341e+01 4.335520e+01
1.278355e+00 3.754671e+02 9.694518e+01
1.318305e+00 4.004982e+02 1.001245e+02
1.358256e+00 1.001245e+03 1.583108e+02
1.398206e+00 1.076339e+03 1.641401e+02
1.438156e+00 1.176463e+03 1.716048e+02
1.478106e+00 1.702117e+03 2.064120e+02
1.518056e+00 2.277833e+03 2.387818e+02
1.558007e+00 2.753425e+03 2.625288e+02
1.597957e+00 3.879826e+03 3.116351e+02
1.637907e+00 4.080075e+03 3.195762e+02
1.677857e+00 4.555667e+03 3.376885e+02
1.717808e+00 5.406726e+03 3.678811e+02
1.757758e+00 6.633251e+03 4.074774e+02
1.797708e+00 6.733376e+03 4.105412e+02
1.837658e+00 8.510587e+03 4.615514e+02
1.877609e+00 8.660773e+03 4.656061e+02
1.917559e+00 9.636988e+03 4.911464e+02
1.957509e+00 1.138917e+04 5.339324e+02
1.997459e+00 1.108879e+04 5.268445e+02
2.037410e+00 1.269079e+04 5.636176e+02
2.077360e+00 1.326650e+04 5.762601e+02
2.117310e+00 7.459279e+03 4.321044e+02
