1.536648e-01 7.285648e+02 7.766526e+01
2.744502e-01 2.434069e+03 1.419578e+02
3.952356e-01 7.658209e+03 2.518004e+02
5.160210e-01 2.208048e+04 4.275599e+02
6.368065e-01 2.376943e+04 4.436108e+02
7.575919e-01 1.035721e+04 2.928290e+02
8.783773e-01 4.710833e+03 1.974884e+02
9.991627e-01 2.740397e+03 1.506258e+02
1.119948e+00 1.978716e+03 1.279925e+02
1.240734e+00 1.291547e+03 1.034065e+02
1.361519e+00 1.010056e+03 9.144614e+01
1.482304e+00 9.355434e+02 8.800852e+01
1.603090e+00 7.451230e+02 7.854287e+01
1.723875e+00 5.215861e+02 6.571368e+01
1.844661e+00 4.305155e+02 5.970176e+01
1.965446e+00 3.891198e+02 5.675896e+01
2.086232e+00 3.642824e+02 5.491763e+01
2.207017e+00 2.400952e+02 4.458456e+01
2.327802e+00 9.107059e+01 2.745882e+01
2.448588e+00 9.934974e+01 2.867980e+01
2.569373e+00 8.279145e+01 2.618096e+01
2.690159e+00 2.483743e+01 1.433990e+01
2.810944e+00 1.655829e+01 1.170848e+01
2.931729e+00 1.655829e+01 1.170848e+01
3.052515e+00 0.000000e+00 0.000000e+00
3.173300e+00 8.279145e+00 8.279145e+00
3.294086e+00 0.000000e+00 0.000000e+00
3.414871e+00 0.000000e+00 0.000000e+00
3.535657e+00 8.279145e+00 8.279145e+00
3.656442e+00 8.279145e+00 8.279145e+00
3.777227e+00 8.279145e+00 8.279145e+00
3.898013e+00 0.000000e+00 0.000000e+00
4.018798e+00 0.000000e+00 0.000000e+00
4.139584e+00 0.000000e+00 0.000000e+00
4.260369e+00 0.000000e+00 0.000000e+00
4.381154e+00 0.000000e+00 0.000000e+00
4.501940e+00 0.000000e+00 0.000000e+00
4.622725e+00 0.000000e+00 0.000000e+00
4.743511e+00 0.000000e+00 0.000000e+00
4.864296e+00 8.279145e+00 8.279145e+00
4.985082e+00 8.279145e+00 8.279145e+00
5.105867e+00 0.000000e+00 0.000000e+00
5.226652e+00 8.279145e+00 8.279145e+00
5.347438e+00 0.000000e+00 0.000000e+00
5.468223e+00 0.000000e+00 0.000000e+00
5.589009e+00 0.000000e+00 0.000000e+00
5.709794e+00 0.000000e+00 0.000000e+00
5.830580e+00 0.000000e+00 0.000000e+00
5.951365e+00 0.000000e+00 0.000000e+00
6.072150e+00 8.279145e+00 8.279145e+00
