1.004090e-02 3.695153e+04 1.359284e+03
3.004008e-02 3.480144e+04 1.319145e+03
5.003925e-02 2.420100e+04 1.100045e+03
7.003842e-02 2.190090e+04 1.046466e+03
9.003760e-02 1.750072e+04 9.354530e+02
1.100368e-01 1.805075e+04 9.500393e+02
1.300359e-01 1.745072e+04 9.341157e+02
1.500351e-01 1.445060e+04 8.500351e+02
1.700343e-01 1.505062e+04 8.675034e+02
1.900335e-01 1.390057e+04 8.337010e+02
2.100326e-01 1.290053e+04 8.031521e+02
2.300318e-01 1.200050e+04 7.746287e+02
2.500310e-01 1.270052e+04 7.969018e+02
2.700302e-01 1.055044e+04 7.263220e+02
2.900293e-01 1.185049e+04 7.697720e+02
3.100285e-01 1.035043e+04 7.194045e+02
3.300277e-01 1.160048e+04 7.616088e+02
3.500269e-01 9.850407e+03 7.018124e+02
3.700260e-01 1.080045e+04 7.348773e+02
3.900252e-01 1.090045e+04 7.382717e+02
4.100244e-01 9.050374e+03 6.727090e+02
4.300235e-01 1.010042e+04 7.106629e+02
4.500227e-01 9.050374e+03 6.727090e+02
4.700219e-01 9.350386e+03 6.837680e+02
4.900211e-01 8.350345e+03 6.461691e+02
5.100202e-01 8.150337e+03 6.383836e+02
5.300194e-01 6.450266e+03 5.679143e+02
5.500186e-01 7.000289e+03 5.916324e+02
5.700178e-01 8.050333e+03 6.344551e+02
5.900169e-01 7.100293e+03 5.958434e+02
6.100161e-01 5.850242e+03 5.408550e+02
6.300153e-01 7.000289e+03 5.916324e+02
6.500145e-01 6.450266e+03 5.679143e+02
6.700136e-01 7.100293e+03 5.958434e+02
6.900128e-01 5.950246e+03 5.454581e+02
7.100120e-01 6.400264e+03 5.657088e+02
7.300112e-01 4.950205e+03 4.975143e+02
7.500103e-01 4.900202e+03 4.949952e+02
7.700095e-01 5.300219e+03 5.148028e+02
7.900087e-01 4.350180e+03 4.663882e+02
8.100078e-01 4.300178e+03 4.637001e+02
8.300070e-01 3.750155e+03 4.330306e+02
8.500062e-01 3.800157e+03 4.359079e+02
8.700054e-01 3.600149e+03 4.242816e+02
8.900045e-01 3.500145e+03 4.183473e+02
9.100037e-01 3.150130e+03 3.968791e+02
9.300029e-01 3.550147e+03 4.213249e+02
9.500021e-01 2.450101e+03 3.500145e+02
9.700012e-01 1.800074e+03 3.000124e+02
9.900004e-01 1.100045e+03 2.345305e+02
