7.636444e-02 1.717727e+03 1.061215e+02
2.288916e-01 2.452023e+03 1.267911e+02
3.814187e-01 3.822270e+03 1.583023e+02
5.339459e-01 4.845039e+03 1.782276e+02
6.864730e-01 5.756352e+03 1.942675e+02
8.390002e-01 6.884020e+03 2.124455e+02
9.915273e-01 7.670766e+03 2.242569e+02
1.144054e+00 8.673866e+03 2.384695e+02
1.296582e+00 9.827759e+03 2.538363e+02
1.449109e+00 1.047027e+04 2.620024e+02
1.601636e+00 1.208310e+04 2.814592e+02
1.754163e+00 1.228634e+04 2.838165e+02
1.906690e+00 1.296818e+04 2.915856e+02
2.059217e+00 1.408274e+04 3.038575e+02
2.211744e+00 1.454167e+04 3.087690e+02
2.364272e+00 1.555789e+04 3.193756e+02
2.516799e+00 1.602993e+04 3.241845e+02
2.669326e+00 1.630529e+04 3.269571e+02
2.821853e+00 1.731495e+04 3.369280e+02
2.974380e+00 1.765587e+04 3.402288e+02
3.126907e+00 1.776733e+04 3.413010e+02
3.279435e+00 1.919003e+04 3.547025e+02
3.431962e+00 1.897367e+04 3.526973e+02
3.584489e+00 1.977353e+04 3.600547e+02
3.737016e+00 1.915725e+04 3.543994e+02
3.889543e+00 2.022591e+04 3.641501e+02
4.042070e+00 2.021935e+04 3.640911e+02
4.194597e+00 2.013412e+04 3.633229e+02
4.347125e+00 2.077663e+04 3.690744e+02
4.499652e+00 1.975386e+04 3.598756e+02
4.652179e+00 1.987187e+04 3.609490e+02
4.804706e+00 1.939327e+04 3.565759e+02
4.957233e+00 2.020624e+04 3.639730e+02
5.109760e+00 1.875076e+04 3.506193e+02
5.262287e+00 1.853441e+04 3.485907e+02
5.414815e+00 1.748541e+04 3.385824e+02
5.567342e+00 1.694125e+04 3.332722e+02
5.719869e+00 1.652165e+04 3.291191e+02
5.872396e+00 1.559722e+04 3.197791e+02
6.024923e+00 1.424009e+04 3.055503e+02
6.177450e+00 1.325010e+04 2.947379e+02
6.329977e+00 1.227978e+04 2.837408e+02
6.482505e+00 1.085053e+04 2.667177e+02
6.635032e+00 9.460611e+03 2.490497e+02
6.787559e+00 7.926458e+03 2.279639e+02
6.940086e+00 6.497204e+03 2.063905e+02
7.092613e+00 4.779477e+03 1.770177e+02
7.245140e+00 3.323998e+03 1.476240e+02
7.397667e+00 1.888188e+03 1.112626e+02
7.550195e+00 8.982008e+02 7.673847e+01
