2.640387e-01 1.026128e+01 7.255817e+00
4.589462e-01 0.000000e+00 0.000000e+00
6.538538e-01 0.000000e+00 0.000000e+00
8.487613e-01 0.000000e+00 0.000000e+00
1.043669e+00 0.000000e+00 0.000000e+00
1.238576e+00 5.130638e+00 5.130638e+00
1.433484e+00 5.130638e+00 5.130638e+00
1.628392e+00 0.000000e+00 0.000000e+00
1.823299e+00 1.026128e+01 7.255817e+00
2.018207e+00 5.130638e+00 5.130638e+00
2.213114e+00 5.130638e+00 5.130638e+00
2.408022e+00 1.026128e+01 7.255817e+00
2.602929e+00 5.130638e+00 5.130638e+00
2.797837e+00 0.000000e+00 0.000000e+00
2.992744e+00 5.130638e+00 5.130638e+00
3.187652e+00 5.130638e+00 5.130638e+00
3.382560e+00 0.000000e+00 0.000000e+00
3.577467e+00 1.026128e+01 7.255817e+00
3.772375e+00 0.000000e+00 0.000000e+00
3.967282e+00 1.026128e+01 7.255817e+00
4.162190e+00 5.130638e+00 5.130638e+00
4.357097e+00 1.026128e+01 7.255817e+00
4.552005e+00 1.539191e+01 8.886525e+00
4.746912e+00 1.026128e+01 7.255817e+00
4.941820e+00 1.026128e+01 7.255817e+00
5.136727e+00 2.565319e+01 1.147245e+01
5.331635e+00 5.130638e+00 5.130638e+00
5.526543e+00 1.539191e+01 8.886525e+00
5.721450e+00 2.052255e+01 1.026128e+01
5.916358e+00 5.130638e+00 5.130638e+00
6.111265e+00 2.052255e+01 1.026128e+01
6.306173e+00 2.052255e+01 1.026128e+01
6.501080e+00 5.130638e+00 5.130638e+00
6.695988e+00 1.539191e+01 8.886525e+00
6.890895e+00 2.565319e+01 1.147245e+01
7.085803e+00 2.565319e+01 1.147245e+01
7.280711e+00 1.026128e+01 7.255817e+00
7.475618e+00 1.026128e+01 7.255817e+00
7.670526e+00 5.130638e+00 5.130638e+00
7.865433e+00 1.026128e+01 7.255817e+00
8.060341e+00 1.539191e+01 8.886525e+00
8.255248e+00 1.539191e+01 8.886525e+00
8.450156e+00 5.130638e+00 5.130638e+00
8.645063e+00 2.052255e+01 1.026128e+01
8.839971e+00 2.565319e+01 1.147245e+01
9.034879e+00 0.000000e+00 0.000000e+00
9.229786e+00 5.130638e+00 5.130638e+00
9.424694e+00 2.565319e+01 1.147245e+01
9.619601e+00 1.539191e+01 8.886525e+00
9.814509e+00 2.052255e+01 1.026128e+01
