1.410186e-01 5.898833e+03 2.207583e+02
2.620595e-01 2.274438e+04 4.334819e+02
3.831004e-01 6.625033e+04 7.398232e+02
5.041413e-01 2.054843e+05 1.302936e+03
6.251822e-01 2.545916e+05 1.450294e+03
7.462231e-01 1.077404e+05 9.434596e+02
8.672640e-01 4.850427e+04 6.330294e+02
9.883049e-01 2.745353e+04 4.762479e+02
1.109346e+00 1.927448e+04 3.990481e+02
1.230387e+00 1.373916e+04 3.369101e+02
1.351428e+00 1.099628e+04 3.014095e+02
1.472468e+00 9.261332e+03 2.766118e+02
1.593509e+00 7.947727e+03 2.562450e+02
1.714550e+00 6.460626e+03 2.310315e+02
1.835591e+00 5.692291e+03 2.168590e+02
1.956632e+00 4.271284e+03 1.878508e+02
2.077673e+00 3.362500e+03 1.666729e+02
2.198714e+00 2.296744e+03 1.377496e+02
2.319755e+00 1.230989e+03 1.008465e+02
2.440796e+00 9.418304e+02 8.821050e+01
2.561837e+00 5.370086e+02 6.660772e+01
2.682877e+00 2.313268e+02 4.371665e+01
2.803918e+00 2.065418e+02 4.130835e+01
2.924959e+00 1.239251e+02 3.199731e+01
3.046000e+00 1.156634e+02 3.091234e+01
3.167041e+00 6.609336e+01 2.336753e+01
3.288082e+00 2.478501e+01 1.430963e+01
3.409123e+00 2.478501e+01 1.430963e+01
3.530164e+00 9.087837e+01 2.740086e+01
3.651205e+00 4.957002e+01 2.023688e+01
3.772246e+00 7.435503e+01 2.478501e+01
3.893286e+00 3.304668e+01 1.652334e+01
4.014327e+00 2.478501e+01 1.430963e+01
4.135368e+00 1.652334e+01 1.168377e+01
4.256409e+00 4.957002e+01 2.023688e+01
4.377450e+00 1.652334e+01 1.168377e+01
4.498491e+00 2.478501e+01 1.430963e+01
4.619532e+00 2.478501e+01 1.430963e+01
4.740573e+00 4.130835e+01 1.847366e+01
4.861614e+00 4.130835e+01 1.847366e+01
4.982655e+00 2.478501e+01 1.430963e+01
5.103695e+00 0.000000e+00 0.000000e+00
5.224736e+00 2.478501e+01 1.430963e+01
5.345777e+00 3.304668e+01 1.652334e+01
5.466818e+00 8.261670e+00 8.261670e+00
5.587859e+00 1.652334e+01 1.168377e+01
5.708900e+00 4.130835e+01 1.847366e+01
5.829941e+00 1.652334e+01 1.168377e+01
5.950982e+00 8.261670e+00 8.261670e+00
6.072023e+00 2.478501e+01 1.430963e+01
