1.060815e+00 5.566591e+01 2.103974e+01
1.186565e+00 9.542727e+01 2.754748e+01
1.312315e+00 4.930409e+02 6.261626e+01
1.438065e+00 1.001986e+03 8.926404e+01
1.563816e+00 2.131209e+03 1.301843e+02
1.689566e+00 3.435382e+03 1.652849e+02
1.815316e+00 6.075536e+03 2.198052e+02
1.941066e+00 7.920463e+03 2.509695e+02
2.066816e+00 1.072762e+04 2.920769e+02
2.192567e+00 1.289063e+04 3.201716e+02
2.318317e+00 1.565007e+04 3.527799e+02
2.444067e+00 1.889460e+04 3.876274e+02
2.569817e+00 2.034987e+04 4.022781e+02
2.695568e+00 2.349897e+04 4.322848e+02
2.821318e+00 2.419081e+04 4.386023e+02
2.947068e+00 2.640950e+04 4.582745e+02
3.072818e+00 2.733196e+04 4.662094e+02
3.198568e+00 2.935184e+04 4.831292e+02
3.324319e+00 3.029816e+04 4.908556e+02
3.450069e+00 3.135581e+04 4.993495e+02
3.575819e+00 3.128424e+04 4.987793e+02
3.701569e+00 3.013116e+04 4.895010e+02
3.827319e+00 3.194428e+04 5.040135e+02
3.953070e+00 3.039359e+04 4.916280e+02
4.078820e+00 3.044130e+04 4.920137e+02
4.204570e+00 2.951088e+04 4.844364e+02
4.330320e+00 2.905760e+04 4.807016e+02
4.456071e+00 2.815900e+04 4.732103e+02
4.581821e+00 2.699797e+04 4.633521e+02
4.707571e+00 2.538365e+04 4.492858e+02
4.833321e+00 2.419081e+04 4.386023e+02
4.959071e+00 2.295821e+04 4.272820e+02
5.084822e+00 2.062024e+04 4.049417e+02
5.210572e+00 1.917293e+04 3.904720e+02
5.336322e+00 1.709739e+04 3.687317e+02
5.462072e+00 1.576936e+04 3.541218e+02
5.587823e+00 1.458447e+04 3.405579e+02
5.713573e+00 1.383695e+04 3.317156e+02
5.839323e+00 1.133994e+04 3.002970e+02
5.965073e+00 9.789247e+03 2.790103e+02
6.090823e+00 8.580502e+03 2.612173e+02
6.216574e+00 7.999986e+03 2.522262e+02
6.342324e+00 6.242534e+03 2.228056e+02
6.468074e+00 4.962218e+03 1.986477e+02
6.593824e+00 3.960232e+03 1.774622e+02
6.719574e+00 3.475143e+03 1.662386e+02
6.845325e+00 2.520870e+03 1.415862e+02
6.971075e+00 1.677930e+03 1.155134e+02
7.096825e+00 6.918477e+02 7.417386e+01
7.222575e+00 2.783295e+02 4.704628e+01
