2.867925e-01 5.814017e+01 1.938006e+01
4.415908e-01 5.555617e+02 5.990775e+01
5.963891e-01 1.731285e+03 1.057551e+02
7.511874e-01 5.781717e+03 1.932615e+02
9.059857e-01 1.702215e+04 3.316073e+02
1.060784e+00 3.437376e+04 4.712273e+02
1.215582e+00 5.260394e+04 5.829429e+02
1.370381e+00 6.724880e+04 6.591119e+02
1.525179e+00 7.251372e+04 6.844268e+02
1.679977e+00 6.396065e+04 6.427963e+02
1.834775e+00 5.228094e+04 5.811505e+02
1.989574e+00 4.129244e+04 5.164784e+02
2.144372e+00 3.400554e+04 4.686965e+02
2.299170e+00 2.711270e+04 4.185075e+02
2.453969e+00 2.226769e+04 3.792752e+02
2.608767e+00 1.921856e+04 3.523524e+02
2.763565e+00 1.571077e+04 3.185779e+02
2.918364e+00 1.454796e+04 3.065618e+02
3.073162e+00 1.209316e+04 2.795032e+02
3.227960e+00 1.021329e+04 2.568619e+02
3.382759e+00 9.425168e+03 2.467524e+02
3.537557e+00 8.094404e+03 2.286701e+02
3.692355e+00 7.131861e+03 2.146438e+02
3.847153e+00 6.511699e+03 2.050993e+02
4.001952e+00 5.723577e+03 1.922873e+02
4.156750e+00 5.529776e+03 1.890039e+02
4.311548e+00 4.812714e+03 1.763242e+02
4.466347e+00 4.631834e+03 1.729790e+02
4.621145e+00 3.423810e+03 1.487208e+02
4.775943e+00 3.410890e+03 1.484399e+02
4.930742e+00 2.835948e+03 1.353524e+02
5.085540e+00 2.674448e+03 1.314419e+02
5.240338e+00 2.403127e+03 1.245963e+02
5.395136e+00 2.041366e+03 1.148358e+02
5.549935e+00 1.918626e+03 1.113300e+02
5.704733e+00 1.731285e+03 1.057551e+02
5.859531e+00 1.653765e+03 1.033603e+02
6.014330e+00 1.440584e+03 9.646866e+01
6.169128e+00 1.220944e+03 8.881058e+01
6.323926e+00 1.117583e+03 8.496829e+01
6.478725e+00 8.462625e+02 7.393830e+01
6.633523e+00 7.364422e+02 6.897413e+01
6.788321e+00 6.201618e+02 6.329500e+01
6.943119e+00 4.586614e+02 5.443309e+01
7.097918e+00 3.036209e+02 4.428766e+01
7.252716e+00 2.390207e+02 3.929476e+01
7.407514e+00 2.519407e+02 4.034281e+01
7.562313e+00 1.162803e+02 2.740754e+01
7.717111e+00 5.814017e+01 1.938006e+01
7.871909e+00 3.876012e+01 1.582375e+01
