1.539742e-01 3.055239e+03 1.438656e+02
3.015895e-01 1.802659e+04 3.494548e+02
4.492048e-01 9.425174e+04 7.990593e+02
5.968201e-01 2.368521e+05 1.266698e+03
7.444354e-01 1.159094e+05 8.861222e+02
8.920507e-01 5.156647e+04 5.910415e+02
1.039666e+00 3.240179e+04 4.685099e+02
1.187281e+00 2.396770e+04 4.029466e+02
1.334897e+00 1.906306e+04 3.593608e+02
1.482512e+00 1.679365e+04 3.372926e+02
1.630127e+00 1.512038e+04 3.200484e+02
1.777743e+00 1.363002e+04 3.038663e+02
1.925358e+00 1.111673e+04 2.744245e+02
2.072973e+00 8.271500e+03 2.367154e+02
2.220588e+00 4.979158e+03 1.836590e+02
2.368204e+00 3.272018e+03 1.488820e+02
2.515819e+00 2.120376e+03 1.198508e+02
2.663434e+00 1.192288e+03 8.987211e+01
2.811050e+00 6.571134e+02 6.671976e+01
2.958665e+00 5.758210e+02 6.245656e+01
3.106280e+00 3.861388e+02 5.114534e+01
3.253896e+00 3.387183e+02 4.790200e+01
3.401511e+00 2.845233e+02 4.390290e+01
3.549126e+00 3.183952e+02 4.644271e+01
3.696741e+00 2.438772e+02 4.064619e+01
3.844357e+00 2.912977e+02 4.442248e+01
3.991972e+00 1.625848e+02 3.318748e+01
4.139587e+00 2.032310e+02 3.710473e+01
4.287203e+00 2.777490e+02 4.337710e+01
4.434818e+00 2.100053e+02 3.771807e+01
4.582433e+00 1.693591e+02 3.387183e+01
4.730049e+00 2.032310e+02 3.710473e+01
4.877664e+00 1.761335e+02 3.454262e+01
5.025279e+00 1.354873e+02 3.029588e+01
5.172895e+00 1.422617e+02 3.104404e+01
5.320510e+00 1.693591e+02 3.387183e+01
5.468125e+00 1.490360e+02 3.177459e+01
5.615740e+00 1.151642e+02 2.793142e+01
5.763356e+00 1.016155e+02 2.623700e+01
5.910971e+00 6.096929e+01 2.032310e+01
6.058586e+00 3.387183e+01 1.514794e+01
6.206202e+00 1.083898e+02 2.709746e+01
6.353817e+00 8.806675e+01 2.442532e+01
6.501432e+00 2.709746e+01 1.354873e+01
6.649048e+00 4.742056e+01 1.792329e+01
6.796663e+00 6.096929e+01 2.032310e+01
6.944278e+00 4.064619e+01 1.659374e+01
7.091894e+00 4.064619e+01 1.659374e+01
7.239509e+00 2.032310e+01 1.173354e+01
7.387124e+00 0.000000e+00 0.000000e+00
